bids_name	aor	aqi	dummy_trs	dvars_nstd	dvars_std	dvars_vstd	efc	fber	fd_mean	fd_num	fd_perc	fwhm_avg	fwhm_x	fwhm_y	fwhm_z	gcor	gsr_x	gsr_y	size_t	size_x	size_y	size_z	snr	spacing_tr	spacing_x	spacing_y	spacing_z	summary_bg_k	summary_bg_mad	summary_bg_mean	summary_bg_median	summary_bg_n	summary_bg_p05	summary_bg_p95	summary_bg_stdv	summary_fg_k	summary_fg_mad	summary_fg_mean	summary_fg_median	summary_fg_n	summary_fg_p05	summary_fg_p95	summary_fg_stdv	tsnr
P80_task-rl_run-1_bold	0.001605487	0.012857452	1	23.18619085	1.185771651	0.96994102	0.359138833	25056.37891	0.169147006	157	37.29216152	2.574479852	2.330059776	2.90323978	2.49014	0.00574049	-0.020869114	0.005040463	421	82	82	56	4.894436765	1	3.024390221	3.024390221	3	45.98695477	1.781939983	9.425963402	2.068883657	289013	0.650831401	44.65558243	24.15524483	3.635307744	47.99264145	326.255188	334.406189	38506	193.29039	414.4495392	68.32284546	58.41103363
P80_task-rl_run-2_bold	0.002508673	0.012177692	0	22.78628669	1.165647386	0.984003552	0.360173526	24663.88281	0.171782268	165	39.09952607	2.581650775	2.338802034	2.915476958	2.490673333	0.0248436	-0.020987736	0.004605912	422	82	82	56	4.894887127	1	3.024390221	3.024390221	3	45.13506569	1.809336782	9.584956169	2.087677717	288851	0.646919429	45.7571106	24.61841965	3.641428809	47.84729004	326.6445618	334.8163452	38570	194.7924271	415.3395782	68.40035248	57.51496124
P80_task-rl_run-3_bold	0.001440665	0.009064222	1	22.53197346	1.224762744	1.013987707	0.361572278	23887.93164	0.174310562	175	41.56769596	2.575407693	2.338352357	2.907224055	2.480646667	0.0229572	-0.021439075	0.00468931	421	82	82	56	4.804154254	1	3.024390221	3.024390221	3	42.4945599	1.820677876	9.752252579	2.114014387	288748	0.674584329	46.74739056	24.91612434	3.629494241	48.20394135	325.2796326	333.6496582	38688	189.8354012	415.0046524	69.44934082	66.02895355
P80_task-rl_run-4_bold	0.00165658	0.008005729	1	22.31899647	1.234507265	1.017501331	0.362499625	23152.00586	0.158083776	130	30.87885986	2.568565067	2.336325502	2.8925897	2.47678	0.024424	-0.021718841	0.004672778	421	82	82	56	4.799674884	1	3.024390221	3.024390221	3	43.59262319	1.852372289	9.902556419	2.142517805	288709	0.676959634	47.91354065	25.25346565	3.564558472	48.57019806	325.2146606	333.4810181	38644	189.3877754	415.2395721	69.47901917	69.42853546
P80_task-rest_bold	0.002606508	0.01041837	2	23.0975045	1.2575203	1.037127101	0.36317156	23061.2207	0.153257826	160	27.11864407	2.600480309	2.367660744	2.926970184	2.50681	0.0369592	-0.021880092	0.004254182	590	82	82	56	4.768569858	1	3.024390221	3.024390221	3	43.11393265	1.859534979	10.01027203	2.15423727	288489	0.686440647	48.82915268	25.50406075	3.438214185	48.7914505	325.8102417	334.4542236	38810	186.3708466	415.6254898	70.13631439	60.25004196
P15_task-rl_run-1_bold	0.000625829	0.007717699	0	24.32865947	1.27894834	0.999031791	0.42378277	17897.16406	0.140729095	61	14.4549763	2.465352109	2.194445662	2.732160666	2.46945	0.0321853	-0.020318795	0.037003055	422	82	82	56	5.367371401	1	3.024390221	3.024390221	3	32.45143467	3.049523354	14.39780807	3.310426712	267065	0.945497692	69.74123383	31.90973854	4.458142235	61.9601326	447.3867493	456.1445923	55632	301.7046204	559.856427	84.98396301	66.55365753
P15_task-rl_run-2_bold	0.000629502	0.007245313	0	23.56005699	1.280870355	1.001784933	0.424511199	17339.61914	0.126256981	26	6.161137441	2.471291142	2.205254452	2.730728973	2.47789	0.0185331	-0.020421026	0.037412904	422	82	82	56	5.316635432	1	3.024390221	3.024390221	3	31.61337656	3.102222443	14.58965969	3.357820034	266992	0.950236976	70.83519363	32.11017609	4.277795751	62.78574753	446.5838013	455.2843628	55626	297.2434998	560.3400726	85.63315582	69.8147583
P15_task-rl_run-3_bold	0.000594905	0.007417013	0	21.62394115	1.219381783	1.0006768	0.426088943	16826.49219	0.135840726	64	15.16587678	2.459773113	2.194095178	2.718200827	2.467023333	0.038953	-0.021031521	0.03945611	422	82	82	56	5.391393902	1	3.024390221	3.024390221	3	31.21346572	3.168974638	15.02162933	3.412322521	267139	0.957346022	73.3628006	32.82302094	4.257609162	62.32024002	447.5271606	455.9490662	55476	300.3625717	560.0959778	84.56903076	69.31793976
P15_task-rl_run-4_bold	0.000645664	0.00732799	0	22.08374268	1.234435411	1.000952589	0.426430505	16413.70117	0.132198191	43	10.18957346	2.473200954	2.20975784	2.726705021	2.48314	0.0329329	-0.021244455	0.039981447	422	82	82	56	5.299447358	1	3.024390221	3.024390221	3	29.68266217	3.214647055	15.13801575	3.450237036	267160	0.964455009	74.2938385	32.93543243	4.210124358	63.06679153	446.5115356	455.2061768	55527	295.2628143	560.778949	85.89614105	68.57008362
P15_task-rest_bold	0.000704899	0.008036302	0	19.63023728	1.172167361	0.998885662	0.429324385	15584.47754	0.133478553	99	16.72297297	2.474365685	2.215256469	2.725610585	2.48223	0.0276617	-0.022392074	0.043926161	592	82	82	56	5.271175213	1	3.024390221	3.024390221	3	28.0262313	3.333350897	15.68289185	3.532094717	266952	0.966216266	77.70853348	33.46831131	4.253668603	62.57736969	445.2163696	454.3716431	55721	291.5675659	558.9949341	86.1985321	65.75814819
P36_task-rl_run-1_bold	0.000428789	0.00975677	1	20.84312372	1.139344878	0.971515755	0.378538373	25918.58984	0.165314146	156	37.05463183	2.456379502	2.203806227	2.693012279	2.47232	0.015471	-0.014946422	0.027478466	421	82	82	56	5.461328988	1	3.024390221	3.024390221	3	38.91514651	1.993237257	10.05411148	2.249406338	282234	0.624703109	47.60653324	23.4166851	4.991268411	46.66147614	362.7826538	368.9049988	43824	243.1846878	451.3559662	67.54780579	65.64426422
P36_task-rl_run-2_bold	0.005614608	0.012067208	1	20.12948785	1.110735502	0.962680653	0.37731725	25578.94141	0.156179764	118	28.02850356	2.483378158	2.235412598	2.722171876	2.49255	0.0339585	-0.014473851	0.024076052	421	82	82	56	5.419125999	1	3.024390221	3.024390221	3	42.51423708	2.010845184	9.962902069	2.268408537	282308	0.634204328	47.07838821	23.51992989	4.862366271	46.98900604	362.9212952	369.2826843	43787	240.6520309	452.6667664	68.14354706	58.96239471
P36_task-rl_run-3_bold	0.001679169	0.009140081	1	21.58449237	1.200120085	1.001200449	0.37800564	25262.19922	0.150206211	112	26.60332542	2.475948212	2.234483485	2.71160115	2.48176	0.0337163	-0.014740274	0.024786435	421	82	82	56	5.363557701	1	3.024390221	3.024390221	3	41.21667238	2.014367104	10.03799057	2.28028512	282210	0.646080792	47.33491898	23.59952927	4.929544608	46.87630081	362.0247498	368.7909851	43863	236.4997803	451.0425476	68.75786591	66.89450073
P36_task-rl_run-4_bold	0.000452423	0.01139562	1	21.37514969	1.150322435	0.963075376	0.377943507	25055.08203	0.15536642	124	29.45368171	2.476071124	2.235716791	2.718723247	2.473773333	0.0185166	-0.014575458	0.024044311	421	82	82	56	5.434860093	1	3.024390221	3.024390221	3	40.55866446	2.039018154	9.993364334	2.28503561	282224	0.629453719	47.06579685	23.43476868	4.924212133	46.57519531	361.4171448	367.7862244	43856	239.6134338	449.9441986	67.67092896	61.37338638
P36_task-rest_bold	0.000676351	0.009539904	0	22.08991406	1.219446583	0.998695145	0.379082169	24625.91211	0.15089192	171	28.88513514	2.453313893	2.219673888	2.693974456	2.446293333	0.0234465	-0.014985589	0.024261165	592	82	82	56	5.497635822	1	3.024390221	3.024390221	3	38.6998255	2.056108952	10.16881466	2.309121609	282253	0.648648679	48.13919144	23.66426086	4.974616857	46.7558136	362.1192017	368.1967773	43802	245.4051636	450.947464	66.97289276	64.06716919
P89_task-rl_run-1_bold	0.001629454	0.026806167	1	51.63573605	1.181504186	0.983574721	0.405260994	13581.66504	0.681863988	381	90.49881235	2.568105936	2.293930179	2.807564296	2.602823333	0.00857574	-0.022848908	0.027386501	421	82	82	56	4.88214393	1	3.024390221	3.024390221	3	34.38705824	2.475699425	10.45614433	2.296912193	279106	0.370546341	49.55047703	22.15592384	3.728215168	38.32578659	267.7155457	273.4940796	46086	158.1502457	342.9067917	56.01865005	34.65752792
P89_task-rl_run-2_bold	0.002247625	0.032084118	1	50.60356349	1.16871689	0.995051668	0.409176862	12243.62402	0.633881687	374	88.83610451	2.643468598	2.358534937	2.888757522	2.683113333	0.00580548	-0.023929475	0.032708567	421	82	82	56	4.748265034	1	3.024390221	3.024390221	3	31.47677806	2.732777596	10.90278625	2.425178289	278353	0.346793354	50.30166473	22.26032448	3.460382603	38.13033676	264.6435242	270.83255	46674	149.7406189	341.2759094	57.03760147	30.44320679
P89_task-rl_run-3_bold	0.001458812	0.023853514	1	52.22842734	1.220355206	0.989510006	0.407691713	13567.33008	0.587121512	370	87.88598575	2.557008409	2.29648276	2.793849134	2.580693333	0.0103029	-0.023534684	0.034501433	421	82	82	56	4.7841328	1	3.024390221	3.024390221	3	35.00231223	2.436961651	10.57086563	2.244655609	278897	0.358669847	48.89073944	22.02335358	3.64799288	38.2377739	265.4803772	271.5605774	46295	151.9410995	341.7520386	56.762146	36.57629395
P89_task-rl_run-4_bold	0.002829882	0.025181141	0	53.15581629	1.230945756	1.017816654	0.407443583	13080.99121	0.65393089	383	90.75829384	2.572764484	2.307294856	2.809905264	2.601093333	0.00789095	-0.023446519	0.029222848	422	82	82	56	4.759262288	1	3.024390221	3.024390221	3	32.86924951	2.49793911	10.67921829	2.317535639	278945	0.364928931	50.62559509	22.37351608	3.73643322	38.20161057	266.0951843	272.2772827	46280	151.279277	342.3366348	57.20935822	35.38045502
P89_task-rest_bold	0.004778395	0.031924143	0	49.30124168	1.196944251	1.017064327	0.407443707	12864.69141	0.644701192	509	85.97972973	2.645765237	2.362631631	2.893280748	2.681383333	0.0157798	-0.022660613	0.03201599	592	82	82	56	4.757964961	1	3.024390221	3.024390221	3	31.60445051	2.654659271	10.83460903	2.393581152	278687	0.364864886	50.79391861	22.4502697	3.442937152	38.55265808	265.8639526	272.1824341	46434	151.1498329	343.2562515	57.20502472	29.54578972
P53_task-rl_run-1_bold	0.00300673	0.017823341	0	25.00198545	1.149030391	0.941582254	0.367861844	28403.01563	0.172466078	113	26.77725118	2.432295147	2.248076308	2.612219133	2.43659	0.0167744	-0.014302922	0.01839323	422	82	82	56	5.192197439	1	3.024390221	3.024390221	3	59.0080466	1.781230688	8.178896904	1.959715724	283432	0.528436065	32.64929199	20.92847824	5.201366873	43.81757355	331.4894714	335.8021545	42622	222.6450256	419.888652	64.67362213	46.59497452
P53_task-rl_run-2_bold	0.01111282	0.013737652	0	26.7254023	1.253216955	1.068054811	0.36614189	29095.64258	0.222070312	107	25.35545024	2.428088023	2.255912598	2.612341472	2.41601	0.0147354	-0.013758511	0.017744519	422	82	82	56	5.165257629	1	3.024390221	3.024390221	3	72.46545568	1.658266068	8.036410332	1.919431329	283581	0.535545051	32.2938385	20.90318871	5.068691014	45.02965546	332.4890137	336.8009644	42561	223.1279755	422.5853271	65.20429993	50.36875153
P53_task-rl_run-3_bold	0.016826682	0.036181797	0	37.52639086	1.079126852	0.993033674	0.365960016	29387.60156	0.528190397	207	49.0521327	2.496579887	2.30990034	2.686815988	2.493023333	0.0308343	-0.013276233	0.018202938	422	82	82	56	5.233402351	1	3.024390221	3.024390221	3	65.3057818	1.83041656	7.979858398	1.931279659	283917	0.445497632	32.66824722	20.08351707	4.820354313	44.87504959	332.0858765	336.3530884	42321	222.6066437	421.1161194	64.26968384	27.24114037
P53_task-rl_run-4_bold	0.015829882	0.038313061	0	37.13167742	1.104115953	0.98959068	0.364907473	28202.75	0.583744419	238	56.39810427	2.512798749	2.314602115	2.703854134	2.51994	0.024174	-0.012802734	0.014493126	422	82	82	56	5.252537463	1	3.024390221	3.024390221	3	61.8231697	1.784744143	8.093092918	2.009478807	284116	0.552132726	32.88211155	20.70166397	4.746568956	45.19832993	334.2433167	338.5332031	42171	222.879158	424.3305817	64.45059967	27.51785469
P53_task-rest_bold	0.007341824	0.025758141	0	28.64997444	1.015235236	0.895372691	0.362999354	32254.72852	0.317944394	188	31.75675676	2.501161518	2.320550421	2.665314133	2.51762	0.0189766	-0.01152044	0.017122751	592	82	82	56	5.218896626	1	3.024390221	3.024390221	3	68.365454	1.697980404	7.641820908	1.832770348	284006	0.451013535	30.33910513	20.48345375	4.570132579	46.31127548	334.9067078	338.7753601	42141	227.2094574	426.1672363	64.91244507	33.84362793
P50_task-rl_run-1_bold	0.00192019	0.010471245	0	23.23913443	1.14887973	1.014449399	0.355961062	20373.77734	0.173364202	147	34.83412322	2.579296205	2.355350825	2.879704458	2.502833333	0.00943155	-0.019329967	0.023377009	422	82	82	56	5.189316699	1	3.024390221	3.024390221	3	44.08077941	2.318761826	8.658906937	2.414691925	289771	0.424170643	37.56635284	18.66810226	4.382751469	43.59623337	339.1216125	349.3554688	38197	205.4208588	421.4388794	67.32117462	56.34706879
P50_task-rl_run-2_bold	0.00175545	0.00839478	0	23.27046172	1.157144518	1.014966051	0.356701824	19940.81055	0.166055977	126	29.85781991	2.582090883	2.36827905	2.874070264	2.503923333	0.0183762	-0.019608563	0.024346653	422	82	82	56	5.160091748	1	3.024390221	3.024390221	3	43.26245386	2.353894472	8.747257233	2.431279659	289678	0.412322283	38.1049778	18.84169769	4.328096349	44.12499237	337.6589661	347.9313049	38282	203.1863747	419.999437	67.4264679	60.92110062
P50_task-rl_run-3_bold	0.001790665	0.008493227	1	23.06632323	1.157723141	1.011190577	0.356551899	19818.04102	0.15621093	101	23.99049881	2.58090056	2.366123244	2.874295103	2.502283333	0.0232564	-0.019327566	0.023282841	421	82	82	56	5.147803022	1	3.024390221	3.024390221	3	43.32784733	2.352442503	8.751726151	2.439429998	289737	0.422802866	38.18289948	18.87596893	4.404771649	43.92516708	338.1803894	348.2138062	38249	202.0218628	420.3719849	67.64230347	60.97003174
P50_task-rl_run-4_bold	0.002967701	0.008592417	0	23.48578679	1.176094462	1.029628918	0.357863882	19365.44727	0.16844224	106	25.11848341	2.602562057	2.38858397	2.9017122	2.51739	0.0245668	-0.019677714	0.024645871	422	82	82	56	5.118180268	1	3.024390221	3.024390221	3	42.40814519	2.389027357	8.918255806	2.46682477	289599	0.428909957	39.10213509	19.099123	4.225258089	44.33579254	337.5924072	347.8922119	38368	199.6675423	420.2456268	67.97097015	59.18694305
P50_task-rest_bold	0.002251047	0.011526675	0	23.36870952	1.118690995	0.983371253	0.358582301	19259.10156	0.16891622	130	21.95945946	2.609618437	2.395110906	2.905951071	2.527793333	0.0197191	-0.020015338	0.024702618	592	82	82	56	5.135018102	1	3.024390221	3.024390221	3	40.99624489	2.376671791	9.024907112	2.474662304	289649	0.445945948	39.8570961	19.33608818	4.214293203	44.02853394	337.8063049	348.2213135	38318	199.8675728	419.8938431	67.81217957	52.77336884
P90_task-rl_run-1_bold	0.005562133	0.028180208	0	38.65503331	1.045310332	0.945262173	0.386729798	14285.19336	0.454804338	290	68.72037915	2.565663329	2.386633164	2.803153489	2.507203333	0.0120574	-0.02054783	0.022747453	422	82	82	56	4.805084806	1	3.024390221	3.024390221	3	50.74065193	2.269576073	7.819608688	1.96682477	283194	0.213270158	32.29858017	17.37369156	3.431869235	37.6728363	238.8530426	242.1256104	42998	146.2891083	309.6157654	50.38887024	28.80330658
P90_task-rl_run-2_bold	0.007838791	0.033967586	0	46.780222	1.078524202	0.979101421	0.388209184	13205.48242	0.7307447	350	82.93838863	2.582887917	2.409689051	2.803824699	2.53515	0.017528	-0.020985397	0.020641718	422	82	82	56	4.839427455	1	3.024390221	3.024390221	3	48.41428055	2.367947817	8.021370888	2.035545111	283361	0.22748816	33.49052429	17.7734108	3.495362177	37.17045593	238.4261169	241.7014313	42869	147.4838898	308.2891052	49.94363785	25.67782211
P90_task-rl_run-3_bold	0.009078744	0.038037132	0	50.79043786	1.066524744	0.985401128	0.388721247	12897.86426	0.930226535	374	88.62559242	2.594951358	2.419737357	2.825716715	2.5394	0.0192473	-0.020048682	0.019534798	422	82	82	56	4.827261198	1	3.024390221	3.024390221	3	45.53544711	2.357407808	7.921060562	2.04502368	283128	0.248815179	33.14455032	17.27402115	3.449359301	37.58678436	237.2278595	240.0758362	43048	147.0854355	307.0726532	49.7327652	23.66065979
P90_task-rl_run-4_bold	0.009056872	0.04584756	0	56.8764659	1.059445339	0.979813064	0.388606773	13520.32422	1.094835351	408	96.68246445	2.654080318	2.478271471	2.865146151	2.618823333	0.0202944	-0.019407133	0.016216172	422	82	82	56	4.844680478	1	3.024390221	3.024390221	3	44.39183944	2.452266216	8.161065102	2.109004736	282625	0.225118488	35.38625717	17.89689255	3.530017926	36.98776245	239.1170502	242.2286835	43392	146.5039108	308.8839111	49.99832153	21.17483521
P90_task-rest_bold	0.007376301	0.048654732	0	52.0211378	0.994604492	0.923041457	0.389015642	12092.79688	1.045563359	549	92.73648649	2.668947326	2.49498889	2.899143087	2.61271	0.0217982	-0.019327395	0.015604421	592	82	82	56	4.832085469	1	3.024390221	3.024390221	3	43.34545001	2.501891375	8.050082207	2.157094717	282961	0.241554067	34.59121704	17.65968132	3.575185475	36.59298706	238.0331726	241.8403778	43208	143.314447	306.9453659	50.04828262	20.87468338
P32_task-rl_run-1_bold	0.001036167	0.008405685	2	26.2531225	1.230216476	1.001695871	0.429320883	14120.15137	0.110220583	61	14.52380952	2.374689053	2.184103081	2.541500745	2.398463333	0.0166627	-0.021465365	0.035518657	420	82	82	56	5.070538202	1	3.024390221	3.024390221	3	27.67887352	3.205245018	15.04094219	3.321428776	269409	0.869047642	71.40952759	33.25751877	3.706788504	56.41125488	395.6779785	401.3690491	53978	255.9767914	507.1143188	79.15635681	59.25202179
P32_task-rl_run-2_bold	0.001217891	0.011021239	0	24.3949589	1.147128128	0.976334404	0.430067781	14132.96875	0.114598644	76	18.00947867	2.363463247	2.17761913	2.518147277	2.394623333	0.0203133	-0.022825561	0.036184061	422	82	82	56	5.085592924	1	3.024390221	3.024390221	3	26.88094975	3.260319948	15.44284916	3.348341465	269587	0.860189617	73.69692535	34.29667282	3.813650418	56.04024506	400.451355	405.7429199	53826	258.1084213	512.8785706	79.78207397	52.257164
P32_task-rl_run-3_bold	0.001239137	0.012246691	5	24.18347343	1.119516656	0.951139903	0.431404028	13502.1709	0.117400921	57	13.66906475	2.410798543	2.221247759	2.566454536	2.444693333	0.0172696	-0.023183139	0.040257111	417	82	82	56	4.978692439	1	3.024390221	3.024390221	3	25.74394217	3.345632315	15.65417576	3.388489246	269523	0.83453238	75.69041061	34.00139236	3.489850945	57.3664093	394.8921509	401.4508362	53919	246.5117569	507.4563751	80.63304138	49.38114166
P32_task-rl_run-4_bold	0.005861286	0.016730113	2	24.15040962	1.155004571	1.017559685	0.433270343	12860.34863	0.119653572	75	17.85714286	2.418228856	2.235042275	2.545164294	2.47448	0.0182024	-0.0263808	0.040149324	420	82	82	56	4.963568594	1	3.024390221	3.024390221	3	22.99091929	3.648260593	17.42835045	3.622619152	270216	0.878571451	85.42262268	38.25708771	3.524448199	58.89461899	412.3335876	417.4428711	53249	258.0881042	531.493335	84.10057068	41.45189285
P32_task-rest_bold	0.002104291	0.012733811	0	21.13586768	1.080540573	0.961994606	0.427121467	14032.25684	0.125722909	98	16.55405405	2.396886007	2.208848565	2.540429455	2.44138	0.0142561	-0.022032823	0.02549517	592	82	82	56	4.965402107	1	3.024390221	3.024390221	3	24.98792726	3.461075068	16.3687458	3.515202761	270538	0.837837875	79.7538868	37.74668884	3.331978882	60.92695236	416.6888428	421.3682556	53141	265.8648682	539.1841431	84.86005402	46.49718475
P10_task-rl_run-1_bold	0.007005592	0.021772182	0	24.03767424	1.011409752	0.899109605	0.386881211	17004.25781	0.14762133	46	10.90047393	2.472371303	2.264377114	2.713366795	2.43937	0.00758949	-0.009428042	0.02143506	422	82	82	56	4.423216123	1	3.024390221	3.024390221	3	40.61170449	2.385514021	10.0203619	2.604265451	280582	0.741706192	42.79822464	21.50097084	2.278186885	56.18256378	336.7575684	343.5687256	45176	184.2671852	447.6546402	77.67310333	33.25252151
P10_task-rl_run-2_bold	0.007723768	0.011304707	0	23.04737943	1.163944299	1.052807044	0.388627691	17209.19922	0.149852317	56	13.27014218	2.439154887	2.249547679	2.67521365	2.392703333	0.0162053	-0.009364855	0.022655545	422	82	82	56	4.423770825	1	3.024390221	3.024390221	3	40.596886	2.367947817	10.09976292	2.54739356	280195	0.703791499	43.72748947	21.86304665	2.238706344	56.4337616	335.8676758	342.5201416	45480	184.4688522	447.0046509	77.4263382	44.20915222
P10_task-rl_run-3_bold	0.016875261	0.017639044	0	23.29505507	1.12643296	1.092876406	0.390712075	16191.86523	0.176231863	55	13.03317536	2.451105765	2.256289533	2.684547763	2.41248	0.0107889	-0.01046531	0.02350132	422	82	82	56	4.473239535	1	3.024390221	3.024390221	3	38.20944293	2.424160242	10.4353981	2.649289131	280352	0.765402853	45.649053	22.30686951	2.287061287	56.09297562	336.5662842	343.1042786	45355	186.5194351	445.9815369	76.70067596	34.9121666
P10_task-rl_run-4_bold	0.003274157	0.009723332	1	22.01317397	1.155178743	1.024317046	0.392247675	14960.62988	0.124931183	45	10.6888361	2.440053212	2.266060098	2.666699537	2.3874	0.0185637	-0.010991255	0.021733215	421	82	82	56	4.389712944	1	3.024390221	3.024390221	3	36.31824745	2.672910213	10.80213356	2.771971703	279948	0.691211402	48.89275589	23.18377495	2.226922561	56.39698029	336.5784302	343.3242493	45586	184.2339706	449.4257813	78.2102356	47.71520996
P10_task-rest_bold	0.001741909	0.013273079	0	21.59501119	1.082603633	0.961916833	0.39407891	14501.2002	0.123901996	58	9.797297297	2.461322378	2.285882276	2.686954859	2.41113	0.0190378	-0.011204195	0.021895126	592	82	82	56	4.363694486	1	3.024390221	3.024390221	3	34.73369678	2.68721652	11.05691147	2.800675631	279912	0.728040576	50.31664028	23.73214531	2.196189748	56.40523529	336.0456238	343.1553955	45726	180.158783	448.6136169	78.63787079	40.92233276
P48_task-rl_run-1_bold	0.004371445	0.019884056	0	36.43790551	1.072831196	0.936386083	0.413106055	13458.11426	0.422979889	332	78.67298578	2.544958113	2.382189293	2.729161715	2.523523333	0.0229543	-0.004203815	0.018581634	422	82	82	56	4.588555087	1	3.024390221	3.024390221	3	28.4093601	2.476859331	11.32580376	2.381516695	276109	0.44312799	52.2502388	25.96882248	2.408986987	49.14368439	281.1400146	283.5213318	48413	170.1279694	373.2943298	61.78816605	30.90090179
P48_task-rl_run-2_bold	0.012337393	0.030262877	0	44.17423513	1.02355425	0.937461181	0.411840587	13254.51563	0.805219101	352	83.41232227	2.59840651	2.430675099	2.787867763	2.576676667	0.0438056	-0.001179397	0.014634716	422	82	82	56	4.613370716	1	3.024390221	3.024390221	3	27.83922635	2.526045322	11.23784065	2.426540375	276205	0.464455009	53.16303558	26.03367043	2.507491722	48.20917511	281.1868286	284.0296326	48464	169.621328	372.0062912	61.56598282	22.65651512
P48_task-rl_run-3_bold	0.011253791	0.028714074	0	43.07471688	1.04009248	0.949249727	0.411581395	13750.0166	0.602989214	344	81.51658768	2.572233373	2.407959777	2.763360344	2.54538	0.0444035	0.00089591	0.016365604	422	82	82	56	4.651404652	1	3.024390221	3.024390221	3	28.1752717	2.424160004	11.01368999	2.343601942	276401	0.445497632	51.80805969	25.50519562	2.435008992	48.44455338	281.2557373	283.3104248	48313	171.6800995	371.8834229	60.90794373	23.92782021
P48_task-rl_run-4_bold	0.008121659	0.022413618	0	40.56957543	1.087312925	0.985716571	0.413596767	12901.66211	0.571657837	340	80.56872038	2.574370246	2.40611147	2.770872602	2.546126667	0.0436839	-0.000174396	0.017072517	422	82	82	56	4.608671359	1	3.024390221	3.024390221	3	25.9529313	2.599823952	11.64061642	2.476303339	275993	0.417061627	56.0924202	26.64796257	2.393560091	48.38835907	280.1402283	282.535553	48623	169.8507126	371.7810638	61.30457687	27.67511368
P48_task-rest_bold	0.019579206	0.059586172	0	70.18119626	1.040362177	0.99400973	0.416077036	11957.33301	1.621225861	521	88.00675676	2.718892496	2.541414778	2.934449377	2.680813333	0.0508659	0.000248833	0.017583251	592	82	82	56	4.616997653	1	3.024390221	3.024390221	3	27.36035977	2.729791403	11.39834213	2.557432413	275687	0.439189196	52.7702713	25.30399704	2.460903542	47.91156387	277.3474426	280.8581238	48893	164.2135193	366.1304077	60.83071136	14.58999062
P92_task-rl_run-1_bold	0.004761896	0.019134027	0	28.5441928	1.036105606	0.954635923	0.42506426	10643.50586	0.306314158	262	62.08530806	2.625180229	2.34871147	2.951689216	2.57514	0.0244593	-0.020540215	0.014566272	422	82	82	56	5.123334434	1	3.024390221	3.024390221	3	19.71847615	3.214647055	13.02117538	2.824644566	274171	0.360189587	62.02843857	28.22424698	4.034158236	38.28066635	293.36203	300.1777344	50100	175.8570038	370.1875809	58.58972168	38.07820129
P92_task-rl_run-2_bold	0.014438744	0.023570002	0	34.71550047	1.115695536	1.05587748	0.423845523	10817.85938	0.505853788	281	66.58767773	2.647893401	2.356544454	2.977945749	2.60919	0.0377176	-0.019916896	0.014806523	422	82	82	56	5.127248469	1	3.024390221	3.024390221	3	19.92297815	3.084656	12.72097588	2.786730051	274162	0.390995264	59.64680443	27.41157722	3.848680958	38.6003685	292.6349487	299.097168	50078	176.4065262	370.1995331	58.33424759	31.53894997
P92_task-rl_run-3_bold	0.024535616	0.031276786	0	40.98247262	1.161797305	1.123390365	0.426221607	10235.36621	0.659054462	262	62.08530806	2.676531743	2.382675341	3.009006555	2.637913333	0.0531268	-0.021391613	0.016572172	422	82	82	56	5.050198573	1	3.024390221	3.024390221	3	19.54669242	3.154921532	13.00339508	2.867298603	273881	0.417061627	61.30805969	27.54457474	3.773780863	38.28595734	291.6256409	298.5936279	50296	171.4413567	369.4010925	59.12453842	25.60183144
P92_task-rl_run-4_bold	0.014552559	0.022021198	0	34.91753809	1.129108172	1.052321957	0.427756309	9946.639648	0.456823832	260	61.61137441	2.630822926	2.352024534	2.96255091	2.577893333	0.0340219	-0.021300215	0.016125714	422	82	82	56	5.044001184	1	3.024390221	3.024390221	3	19.09000463	3.253293514	13.41817188	2.917061806	274120	0.409952611	64.38874474	28.4046402	3.875276611	38.57749939	291.6311646	298.5260925	50172	171.9224014	369.2059387	59.18379211	32.22193909
P92_task-rest_bold	0.003001605	0.02082907	0	25.64988394	1.051202746	0.954261383	0.429343691	9722.0625	0.222530436	260	43.91891892	2.699596349	2.414738002	3.028544378	2.655506667	0.0429153	-0.021657873	0.018560369	592	82	82	56	4.875565971	1	3.024390221	3.024390221	3	19.61494574	3.33084631	13.39014339	2.925675631	273277	0.385135144	63.19358292	27.97401428	3.623300374	38.86197662	290.0218201	297.8234863	50850	162.2877563	369.1471405	61.08430481	35.37980652
P54_task-rl_run-1_bold	0.001538626	0.008552207	0	23.54368069	1.213866661	1.007695579	0.424369919	15055.15527	0.119546318	38	9.004739336	2.699431233	2.509276068	2.902274297	2.686743333	0.0160859	-0.01386729	0.015669275	422	82	82	56	4.255775584	1	3.024390221	3.024390221	3	20.01992435	2.638470173	15.91231918	2.63744092	274381	0.55687207	88.87915039	37.24669647	2.488564371	55.58002853	321.5202637	332.7654114	49616	155.6321144	424.1238403	78.19069672	55.98409653
P54_task-rl_run-2_bold	0.001768389	0.00767233	0	22.68963588	1.202356401	1.008916938	0.42363204	15396.04688	0.120542459	28	6.63507109	2.69022668	2.500814858	2.893965184	2.6759	0.0202214	-0.013774883	0.014138623	422	82	82	56	4.284831281	1	3.024390221	3.024390221	3	20.75080878	2.582257509	15.83112431	2.62559247	274500	0.604265451	89.47867584	36.93238449	2.580437753	54.47511292	321.5898743	333.6895752	49506	156.07761	422.332962	77.87615967	59.27272415
P54_task-rl_run-3_bold	0.002715592	0.00920922	0	23.70549284	1.205436914	1.007857847	0.424964444	14875.83887	0.123741135	48	11.37440758	2.716994987	2.523659132	2.920125829	2.7072	0.0468121	-0.01398521	0.014196709	422	82	82	56	4.210262611	1	3.024390221	3.024390221	3	20.36092174	2.634956598	16.0852356	2.668246508	274320	0.616113782	90.68768387	37.39647675	2.454912879	55.10924911	320.8303223	333.4147034	49697	150.0426666	423.0080627	79.19015503	50.4457016
P54_task-rl_run-4_bold	0.002563682	0.016203249	1	23.63547119	1.093603681	0.941600417	0.423683171	14733.91309	0.137682911	60	14.25178147	2.786567774	2.568775665	2.986730991	2.804196667	0.0118462	-0.012418397	0.018201526	421	82	82	56	4.203404618	1	3.024390221	3.024390221	3	21.49703311	2.764472008	16.03653717	2.717339754	274314	0.584323049	88.81009598	37.14380646	2.332587915	56.27549744	321.6572266	334.0047607	49761	149.4156799	424.2304077	79.45973206	37.33422089
P54_task-rest_bold	0.003690997	0.011870975	0	23.78111394	1.174694651	1.011678891	0.420867941	16633.05859	0.146438967	88	14.86486486	2.719822138	2.51693381	2.918472603	2.72406	0.0365733	-0.010863619	0.014846607	592	82	82	56	4.255180261	1	3.024390221	3.024390221	3	21.82293429	2.464325666	15.32888985	2.533783913	274701	0.591216207	83.11486816	36.1220932	2.48640901	56.05089569	324.6224365	335.9974976	49360	157.0266991	427.9986588	78.96118927	43.33861542
P27_task-rl_run-1_bold	0.000754076	0.00649474	0	19.49084727	1.179373227	1.001669108	0.368045206	29778.26172	0.136195982	71	16.82464455	2.447637755	2.251700179	2.699473085	2.39174	0.0464129	-0.009233108	0.009594405	422	82	82	56	5.066509238	1	3.024390221	3.024390221	3	57.85490523	1.623133302	7.835242271	1.985782027	281181	0.587677717	34.96445465	19.88485527	4.283883525	47.11476898	339.6706238	348.1433716	44308	208.4266678	428.1032089	68.71386719	74.63735962
P27_task-rl_run-2_bold	0.000901116	0.006306727	1	19.43812753	1.170728574	1.003231294	0.36817443	30064.85547	0.141304335	75	17.81472684	2.442988758	2.254130421	2.689702521	2.385133333	0.034038	-0.009073775	0.008907288	421	82	82	56	5.146234082	1	3.024390221	3.024390221	3	56.87439083	1.60585916	7.945593834	1.983373046	281233	0.600950122	35.53634262	20.35522842	4.262758584	47.42214203	341.8597412	349.7696228	44189	214.8356415	430.2023926	67.96536255	76.19200134
P27_task-rl_run-3_bold	0.00350064	0.008416224	0	20.43274035	1.179854441	1.021215604	0.368310813	29759.58594	0.155602508	62	14.69194313	2.451638696	2.26280655	2.695399537	2.39671	0.0308657	-0.009517427	0.008797102	422	82	82	56	5.114767646	1	3.024390221	3.024390221	3	59.28915205	1.626646399	8.023777962	2	281319	0.60189575	35.88151932	20.62856102	4.329325736	47.44152832	342.1660156	350.3720703	44130	214.350602	430.6126984	68.50127411	65.27819061
P27_task-rl_run-4_bold	0.002588436	0.010072552	0	20.46763965	1.164717574	1.013178801	0.368401115	29722.25586	0.168278253	106	25.11848341	2.469124394	2.281048243	2.70129494	2.42503	0.0280175	-0.010261133	0.008368269	422	82	82	56	5.083169604	1	3.024390221	3.024390221	3	63.43800614	1.700425267	8.295062065	2.023696661	281767	0.594786763	37.14147072	21.43758965	4.502889629	46.72305679	344.8843384	353.5663757	43863	212.174411	433.1699127	69.55548859	60.88886642
P27_task-rest_bold	0.005664932	0.019609756	0	21.82059595	1.05193477	0.946561209	0.36858643	28124.26172	0.213964943	159	26.85810811	2.517685846	2.313848244	2.754469295	2.48474	0.0255182	-0.010385234	0.008356736	592	82	82	56	4.983987394	1	3.024390221	3.024390221	3	54.97968023	1.803164721	8.348105431	2.087837934	281929	0.608108103	37.70202942	21.03267288	4.382476308	46.93989563	343.8724365	353.3741455	43820	206.5791428	433.199678	70.9010849	42.52946091
P38_task-rl_run-1_bold	0.008086682	0.01707266	0	26.11324923	1.140824171	0.970259725	0.371907246	21754.48242	0.177810721	135	31.99052133	2.508931053	2.33563776	2.767658731	2.423496667	0.0212364	-0.017739015	0.018284284	422	82	82	56	5.211400742	1	3.024390221	3.024390221	3	64.71200849	1.714478374	6.707326412	1.594786763	285160	0.184834123	26.90533276	16.79142189	4.692449119	30.90629387	237.6011047	241.3056946	41119	154.029158	300.7241699	46.30286026	48.45175552
P38_task-rl_run-2_bold	0.005289431	0.036092032	0	29.70626046	0.993317535	0.874929882	0.369648889	21523.80859	0.2619409	217	51.42180095	2.590973203	2.382698486	2.863714458	2.526506667	0.0208207	-0.016391691	0.017824296	422	82	82	56	5.286264291	1	3.024390221	3.024390221	3	62.9453497	1.784744024	6.630013943	1.672985792	285395	0.210900486	26.4279623	16.40400314	4.169729789	32.05862808	239.2680511	242.3483429	40965	156.2099579	302.4303528	45.84435654	28.70933151
P38_task-rl_run-3_bold	0.008907417	0.04340904	0	33.23376197	0.942148617	0.844018934	0.366121438	24284.59961	0.387163047	203	48.1042654	2.621004171	2.404712841	2.907763006	2.550536667	0.0355033	-0.013325059	0.023823868	422	82	82	56	5.254470439	1	3.024390221	3.024390221	3	66.18747868	1.612593651	6.040748119	1.533175468	285233	0.184834123	24.05924225	15.09060478	4.010601768	34.10335922	239.9095001	242.9241791	41069	158.1649384	304.2322449	46.23134232	24.75336266
P38_task-rl_run-4_bold	0.003534645	0.022606885	0	31.45873176	1.18205025	0.96089547	0.361480488	30920.57617	0.248134389	182	43.12796209	2.567573535	2.365617357	2.837623248	2.49948	0.0282841	-0.011813666	0.026934979	422	82	82	56	5.192745269	1	3.024390221	3.024390221	3	70.26993714	1.412336826	5.666346073	1.35308063	285583	0.149289101	22.88388634	14.88755989	3.888059577	35.42789459	241.461853	244.649292	40853	160.6658844	307.4876831	47.11309433	36.11882019
P38_task-rest_bold	0.007562128	0.02408593	0	27.60665721	1.055770151	0.939832249	0.360246071	33193.79688	0.241541744	168	28.37837838	2.581133974	2.378340583	2.851388006	2.513673333	0.0312686	-0.010504819	0.028703762	592	82	82	56	5.203533878	1	3.024390221	3.024390221	3	77.85395893	1.357382417	5.484367847	1.305743217	285527	0.140202701	22.15371704	14.71168232	3.836234625	35.5674324	242.1722107	245.3429108	41031	160.9256821	308.3564148	47.14871216	35.83018875
P59_task-rl_run-1_bold	0.000613436	0.01217857	0	24.54303528	1.221434212	0.997709919	0.380292043	16858.5918	0.095207955	3	0.710900474	2.586730282	2.377418083	2.855722764	2.52705	0.0153452	-0.025098389	0.020031167	422	82	82	56	4.958073898	1	3.024390221	3.024390221	3	46.83128417	2.452266216	10.16680431	2.431279659	284982	0.521327019	42.73921947	22.58414841	4.085587883	42.07497025	311.2156372	319.7132874	41604	183.1680115	392.6959763	64.48258972	59.70205307
P59_task-rl_run-2_bold	0.000605833	0.01088755	2	24.46799669	1.225648739	0.998801536	0.380967727	16618.43945	0.092907377	0	0	2.559399467	2.352120421	2.825151312	2.500926667	0.0177109	-0.02521782	0.020775499	420	82	82	56	5.042609967	1	3.024390221	3.024390221	3	47.30503722	2.449823618	10.27818203	2.450000048	285163	0.533333361	43.11881104	22.72467041	4.076785872	41.80055618	311.4337158	319.4857178	41428	187.1210777	392.0230011	63.35644913	64.20227051
P59_task-rl_run-3_bold	0.000722322	0.011103295	0	23.64575153	1.214854556	1.012174506	0.380456408	16365.45117	0.097300656	2	0.473933649	2.561139377	2.353747196	2.829707602	2.499963333	0.0190447	-0.024977094	0.019544804	422	82	82	56	5.051978228	1	3.024390221	3.024390221	3	48.45705574	2.476859331	10.28838444	2.476303339	285289	0.540284395	43.09004974	22.84062576	4.140713877	41.96255493	312.2854309	320.3092651	41338	188.8449173	393.0718155	63.40197372	64.36511993
P59_task-rl_run-4_bold	0.001624368	0.012058822	3	23.81607666	1.224010338	1.026710373	0.381416108	15964.80273	0.101670977	10	2.386634845	2.570515865	2.357810825	2.844570103	2.509166667	0.0341801	-0.025066679	0.02078552	419	82	82	56	5.084818164	1	3.024390221	3.024390221	3	49.03538346	2.512285709	10.30792141	2.501193523	285072	0.551312685	43.3007164	22.63457108	4.058426529	41.99052048	311.3825684	319.3389282	41414	188.9612236	391.8719681	62.80167007	60.447052
P59_task-rest_bold	0.000510203	0.012307507	1	23.52055693	1.20362931	0.999620039	0.383363676	15601.00195	0.090821561	10	1.692047377	2.5880972	2.379104373	2.858453893	2.526733333	0.0285793	-0.025854155	0.02252285	591	82	82	56	4.997043872	1	3.024390221	3.024390221	3	47.72168055	2.54626298	10.53975105	2.524534702	284916	0.55160743	44.4758873	22.94491196	3.993555579	42.26796341	310.6619263	318.9779968	41649	184.6514282	391.6277527	63.83257294	58.60057068
P24_task-rl_run-1_bold	0.000943729	0.008346647	1	28.01328392	1.391030365	0.989381428	0.376824772	28031.35156	0.123054899	10	2.375296912	2.361347673	2.245672517	2.508320503	2.33005	0.0207405	-0.008161153	0.018148046	421	82	82	56	5.164005572	1	3.024390221	3.024390221	3	61.36157089	1.676291347	8.603447914	1.881235242	282276	0.47030881	36.74703312	22.26956177	3.771778617	46.79879761	320.700592	324.3301697	43655	211.5220963	409.4085693	62.80521011	66.13938904
P24_task-rl_run-2_bold	0.001052085	0.007884637	0	28.02901661	1.411317764	1.001905169	0.377083314	27680.16992	0.124123221	16	3.791469194	2.353952449	2.245034372	2.492436309	2.324386667	0.0211826	-0.008491385	0.01853651	422	82	82	56	5.232467127	1	3.024390221	3.024390221	3	59.93712562	1.68637228	8.762295723	1.895734668	282513	0.478673011	37.62037964	22.6249733	3.765285656	47.12533188	321.9343262	325.0509644	43402	217.1135117	410.9214584	62.12121582	67.84055328
P24_task-rl_run-3_bold	0.000985677	0.008210392	1	27.90689209	1.400634034	0.991971395	0.377394041	27809.87305	0.114907978	8	1.90023753	2.368524251	2.260287034	2.508909052	2.336376667	0.0309035	-0.008642973	0.019397601	421	82	82	56	5.12012391	1	3.024390221	3.024390221	3	59.91667592	1.697421193	8.868009567	1.897862315	282551	0.47030881	38.32066727	22.8285408	3.833499178	47.40101624	322.1044617	325.6971741	43482	212.4452522	412.3296951	63.61045837	66.35513306
P24_task-rl_run-4_bold	0.001026817	0.006676375	1	29.42533382	1.4699729	1.00654181	0.377174979	27432.57227	0.121613712	14	3.325415677	2.374013982	2.267557921	2.511987358	2.342496667	0.0208563	-0.008314373	0.019067798	421	82	82	56	5.085043498	1	3.024390221	3.024390221	3	59.66682633	1.683334708	8.873006821	1.907363534	282415	0.489311188	38.26366043	22.96105766	3.717423452	47.64400482	322.0885925	325.7280273	43534	211.3892006	413.5601212	64.05535889	72.46510315
P24_task-rest_bold	0.000809848	0.00845711	0	28.54474329	1.429940831	0.992281238	0.378035576	27084.37891	0.118326485	13	2.195945946	2.376596804	2.271472759	2.511950987	2.346366667	0.0184713	-0.00847973	0.019955365	592	82	82	56	5.135773903	1	3.024390221	3.024390221	3	57.86910061	1.728033066	9.00792408	1.92567575	282409	0.484797299	39.00878372	23.10964775	3.707886906	47.53593445	323.0513611	326.4611511	43523	214.473317	413.8292358	63.56537628	64.21619415
P02_task-rl_run-1_bold	0.001200926	0.007464748	1	20.3030938	1.134163096	0.996267601	0.399541534	21620.51367	0.119774183	10	2.375296912	2.447732961	2.303399856	2.628632359	2.411166667	0.0197197	-0.008492115	0.013889953	421	82	82	56	5.168274868	1	3.024390221	3.024390221	3	31.28038699	2.222142696	11.02485371	2.408551216	275078	0.577197194	53.69739017	24.84718895	3.864961296	49.35199738	353.7982483	359.7078552	49131	227.952507	449.022583	69.59850311	65.71820068
P02_task-rl_run-2_bold	0.000796517	0.010261551	0	19.89539691	1.066961419	0.957717341	0.400601545	21186.41992	0.126872126	16	3.791469194	2.456098561	2.313028244	2.63374744	2.42152	0.0214743	-0.008559261	0.01358179	422	82	82	56	5.08949952	1	3.024390221	3.024390221	3	30.84983066	2.24146986	11.2105484	2.426540375	274919	0.590047419	54.91493263	25.34136963	3.866457175	50.10105896	353.8683167	359.7322388	49222	226.0396996	450.8399445	70.68054199	56.31839371
P02_task-rl_run-3_bold	0.000883318	0.007730212	0	20.48568932	1.127176207	0.991844806	0.400329306	21324.40234	0.119019805	15	3.55450237	2.449000174	2.310022679	2.618117843	2.41886	0.0194526	-0.008524111	0.01327928	422	82	82	56	5.076229093	1	3.024390221	3.024390221	3	31.40867073	2.259036064	11.3088541	2.431279659	275062	0.5687204	55.6184845	25.64146614	3.754078579	51.39926147	355.3026733	361.0402832	49127	228.3803421	453.2635254	71.12299347	63.94981766
P02_task-rl_run-4_bold	0.0012341	0.007870978	0	20.94482712	1.151750801	1.002252476	0.400645053	21748.39648	0.114743302	22	5.213270142	2.47957909	2.336060986	2.664229617	2.438446667	0.0379407	-0.008198816	0.014045813	422	82	82	56	5.038267521	1	3.024390221	3.024390221	3	30.94001896	2.220390081	11.28656292	2.400474072	274646	0.571090043	55.856637	25.64743996	3.745629681	51.27976608	353.9559021	360.1777344	49379	224.4722855	451.5436127	71.48768616	60.97663879
P02_task-rest_bold	0.001266571	0.013411162	0	22.32927676	1.058831049	0.945594725	0.400153815	22258.87891	0.14173648	85	14.35810811	2.478296473	2.332764453	2.657421633	2.444703333	0.0266889	-0.007745599	0.012861107	592	82	82	56	5.168646112	1	3.024390221	3.024390221	3	30.66399547	2.206372499	11.32814121	2.391891956	275014	0.582770288	56.4302372	25.80844688	3.798939359	50.3095932	356.7326965	362.5751953	49090	230.5992432	453.5405579	70.14825439	47.46627045
P06_task-rl_run-1_bold	0.003499171	0.013532496	0	20.77647751	1.048947461	0.952729075	0.396951036	13060.72461	0.192895741	186	44.07582938	2.556013096	2.426690825	2.757031795	2.484316667	0.00621015	-0.015165919	0.021460516	422	82	82	56	4.72335349	1	3.024390221	3.024390221	3	37.01826718	2.975744963	11.31256008	2.976303339	278973	0.751184881	51.68625641	24.17927551	3.162435844	49.51614761	339.4693909	347.3507385	46301	193.8767853	438.0948181	73.53821564	48.65777588
P06_task-rl_run-2_bold	0.019710308	0.015153762	0	20.50702168	1.187890797	1.164906614	0.396513626	12868.48047	0.176752543	153	36.25592417	2.549450506	2.422871873	2.742126311	2.483353333	0.0249308	-0.014651802	0.020370416	422	82	82	56	4.692610777	1	3.024390221	3.024390221	3	36.57845456	2.975744486	11.31761551	2.971564054	279407	0.758293867	52.30971794	24.24015427	2.979324708	51.07249832	336.8976135	344.4289246	45981	193.2606659	436.4241943	73.3973465	44.66744232
P06_task-rl_run-3_bold	0.002003325	0.014058915	1	19.12912735	1.043438392	0.94193499	0.396461595	12893.31055	0.152925187	125	29.6912114	2.553721447	2.429455019	2.745445989	2.486263333	0.00910715	-0.014594074	0.018824	421	82	82	56	4.645208522	1	3.024390221	3.024390221	3	35.79187354	2.986334085	11.36182404	2.978622437	279468	0.745843291	52.90653343	24.41269684	3.083075656	51.16034317	336.5639343	344.3408813	46006	191.4228134	436.1912308	74.12738037	50.03161621
P06_task-rl_run-4_bold	0.005977512	0.017351577	0	20.22099657	1.047051924	0.974849473	0.396764048	12628.5459	0.167997901	146	34.5971564	2.566198445	2.436425019	2.75762365	2.504546667	0.016274	-0.014598706	0.020083852	422	82	82	56	4.669957264	1	3.024390221	3.024390221	3	36.26767114	3.046010017	11.47983932	3.009478807	279707	0.736966848	53.50805817	24.52241325	2.974488916	51.36405945	337.5217896	345.1706238	45797	191.909964	438.0123352	73.91220856	42.4529686
P06_task-rest_bold	0.0060075	0.017179018	0	18.92993167	1.065665879	0.984973804	0.397675064	12682.22559	0.159688387	179	30.23648649	2.608760417	2.475123729	2.806347522	2.54481	0.013911	-0.014362233	0.018854653	592	82	82	56	4.596913293	1	3.024390221	3.024390221	3	35.81715261	3.080406666	11.50203705	3.032094717	279016	0.72635138	54.05236435	24.53447723	2.848309051	52.00627518	335.3861389	343.7466431	46306	185.5582771	435.6566925	74.77690125	43.65348053
P18_task-rl_run-1_bold	0.004407062	0.00735786	0	20.55157335	1.214467838	1.047048717	0.397591394	23176.25	0.121579489	32	7.582938389	2.557107576	2.324088324	2.80468107	2.542553333	0.0180339	-0.015330277	0.022167932	422	82	82	56	4.922922623	1	3.024390221	3.024390221	3	26.41060474	2.237956524	12.46608257	2.578199148	276107	0.725118518	65.56019363	29.41187668	3.408334685	58.89656448	392.2978821	403.9763184	48185	230.5175446	496.8393433	82.0594101	66.24468994
P18_task-rl_run-2_bold	0.01024981	0.008390559	0	19.42516786	1.213912943	1.107340907	0.39739827	23746.23828	0.119767917	25	5.924170616	2.567513114	2.341066953	2.804109054	2.557363333	0.0166545	-0.01550562	0.021238348	422	82	82	56	4.859753641	1	3.024390221	3.024390221	3	26.01771624	2.150124788	12.55454159	2.556872129	276192	0.78436023	66.24383888	29.80814171	3.36508775	59.86268997	394.2532654	406.2488403	48165	226.7450378	500.6483704	83.59366608	60.59512329
P18_task-rl_run-3_bold	0.000590451	0.005992385	1	18.22461323	1.138150179	0.998957288	0.3974155	23616.91211	0.101804532	8	1.90023753	2.564796008	2.338811953	2.80365607	2.55192	0.0304961	-0.015106986	0.021928359	421	82	82	56	4.804831688	1	3.024390221	3.024390221	3	26.28760188	2.11649394	12.51513863	2.548693657	276048	0.800475121	66.67125893	29.64365959	3.211924988	61.1564827	392.4143066	404.4798279	48351	223.4988174	500.1247253	84.18102264	73.79615784
P18_task-rl_run-4_bold	0.00097753	0.006101572	1	17.44929431	1.121336274	1.00795707	0.397123118	24128.54688	0.10227319	8	1.90023753	2.577971814	2.352031147	2.821504296	2.56038	0.0248865	-0.014896428	0.021566203	421	82	82	56	4.769028393	1	3.024390221	3.024390221	3	26.39671699	2.084799528	12.51192951	2.524940729	276031	0.798099816	66.65320969	29.85120583	3.141327145	61.17403793	392.5071716	405.116394	48417	220.4479858	500.8347107	84.94648743	73.74468994
P18_task-rest_bold	0.010219205	0.009374222	1	17.20781141	1.152960866	1.098698393	0.396585768	24161.56836	0.107216072	35	5.922165821	2.601935712	2.37162518	2.848031957	2.58615	0.0153666	-0.014520423	0.022206696	591	82	82	56	4.699317117	1	3.024390221	3.024390221	3	25.98629458	2.067113876	12.334198	2.512690306	275934	0.798646331	65.76370506	29.29060173	3.099080468	62.34958267	391.1851807	403.565979	48480	218.7087051	501.2207321	85.87669373	56.00634766
P68_task-rl_run-1_bold	0.00259718	0.008231187	0	23.11165546	1.28587782	1.02249155	0.422568465	11162.67383	0.108890006	7	1.658767773	2.625818669	2.469763971	2.797182038	2.61051	0.0207453	-0.017014705	0.020677447	422	82	82	56	4.622584249	1	3.024390221	3.024390221	3	23.98645394	4.229983807	17.30301285	4.151659012	272185	0.907582998	85.63696899	36.60455322	3.184769745	65.26259613	433.5636902	448.6990662	51543	232.1879211	554.5723022	97.06577301	62.00027847
P68_task-rl_run-2_bold	0.000749403	0.007515554	3	22.67131638	1.24699737	1.005764377	0.423001444	11283.08008	0.117291268	15	3.579952267	2.614471662	2.456528245	2.781433408	2.605453333	0.0222541	-0.015792562	0.021324189	419	82	82	56	4.680653046	1	3.024390221	3.024390221	3	22.99954672	4.246116638	17.54973602	4.14797163	272317	0.899761379	87.66730957	37.21421814	3.198622253	65.47511292	435.7634888	450.2625427	51463	239.4317505	556.617688	96.19558716	64.89152527
P68_task-rl_run-3_bold	0.011823578	0.010790718	0	26.05752532	1.266170374	1.080899515	0.419566588	12045.06348	0.188028909	64	15.16587678	2.658606653	2.4911501	2.81917986	2.66549	0.0420256	-0.013952157	0.022563402	422	82	82	56	4.630317921	1	3.024390221	3.024390221	3	25.80114133	4.142151833	16.68592453	4.002369881	272474	0.812796235	83.53637581	36.02150726	3.014417953	66.95246887	434.8157349	450.2346191	51379	236.3727631	557.0696777	97.23527527	47.78411102
P68_task-rl_run-4_bold	0.004739929	0.01113653	0	25.00192117	1.244935858	1.029433662	0.417861323	13642.53906	0.149792303	56	13.27014218	2.638437289	2.46362389	2.783741312	2.667946667	0.0211307	-0.012732601	0.024271373	422	82	82	56	4.680111833	1	3.024390221	3.024390221	3	25.86333661	3.847036839	16.41811752	3.76303339	272731	0.789099574	82.82227707	35.82574844	3.000495572	67.82554626	435.7694397	450.0249023	51156	243.5385208	558.5391388	96.15592957	49.87388229
P68_task-rest_bold	0.005745076	0.018218936	1	25.55052204	1.141613794	0.977192851	0.417117121	13916.94727	0.217175399	202	34.17935702	2.684903248	2.501806793	2.833149619	2.719753333	0.0125149	-0.011343608	0.025991809	591	82	82	56	4.624759211	1	3.024390221	3.024390221	3	26.46738379	3.93353653	16.11263466	3.722504139	272796	0.686971247	81.21446419	35.17042923	2.937872029	68.37405396	435.8961182	451.0566711	51200	237.690947	559.7657867	97.52989197	37.52407074
P66_task-rl_run-1_bold	0.000952905	0.011321205	2	20.20983592	1.140166215	0.962442688	0.369681489	27975.97461	0.099354758	8	1.904761905	2.439735389	2.218410824	2.700015343	2.40078	0.0158768	-0.011028315	0.017187443	420	82	82	56	5.131577708	1	3.024390221	3.024390221	3	44.67760252	1.860313177	8.556048393	2.245238066	281146	0.619047642	40.61369228	19.6132412	4.693589911	51.24863815	374.0343323	382.9714355	44419	236.4714355	469.2671692	74.62950897	60.51285172
P66_task-rl_run-2_bold	0.001059597	0.00715007	0	19.81093943	1.202067141	1.010866685	0.368954951	28016.51563	0.086403342	4	0.947867299	2.399387844	2.195126791	2.638753407	2.364283333	0.0389721	-0.010871997	0.017287614	422	82	82	56	5.160279878	1	3.024390221	3.024390221	3	49.12653322	1.791770458	8.423104286	2.220379114	281173	0.635071099	39.97962341	19.41789818	4.55424262	51.49757767	371.5079651	380.3791504	44277	237.2165985	466.0739563	73.71205902	75.32231903
P66_task-rl_run-3_bold	0.000849336	0.008766702	0	20.0793031	1.180753413	0.990629986	0.368256272	27860.92969	0.098358398	17	4.028436019	2.407725989	2.204589856	2.644734778	2.373853333	0.0360082	-0.010818227	0.017003287	422	82	82	56	5.114565688	1	3.024390221	3.024390221	3	45.98122127	1.823389769	8.417778969	2.225118637	281502	0.627962112	40.08518963	19.3925457	4.515676796	51.26397705	370.5727844	379.6552124	44136	233.673584	465.1706238	74.22935486	66.14192963
P66_task-rl_run-4_bold	0.000913578	0.009656869	0	20.34687812	1.163844873	0.980873999	0.367268001	29577.12305	0.097352787	12	2.843601896	2.405926195	2.208441872	2.635886714	2.37345	0.0277842	-0.010408347	0.017002439	422	82	82	56	5.145656699	1	3.024390221	3.024390221	3	49.13438819	1.735558271	8.312849998	2.158767939	281692	0.616113782	39.65142403	19.35381317	4.461582416	51.58539963	371.2749329	380.3530884	43909	233.8502441	465.8967041	73.91646576	62.90115356
P66_task-rest_bold	0.002414932	0.011785522	0	18.98703422	1.158573612	0.998688389	0.3685313	28641.6543	0.082360598	17	2.871621622	2.41233986	2.211235823	2.659620424	2.366163333	0.0291072	-0.010418925	0.016981713	592	82	82	56	5.131326946	1	3.024390221	3.024390221	3	45.73554957	1.793147206	8.405739784	2.182432413	281506	0.604729772	40.08108139	19.52432823	4.49271302	51.34763718	369.5915527	378.4273682	44017	233.0625061	463.9098083	73.74760437	55.92084503
P12_task-rl_run-1_bold	0.002527038	0.006950252	0	21.34458146	1.201342189	1.024170392	0.398557136	18468.23047	0.154759602	106	25.11848341	2.462812647	2.263289292	2.68197865	2.44317	0.0178542	-0.01119984	0.019116022	422	82	82	56	4.682189338	1	3.024390221	3.024390221	3	37.66833929	2.420646667	12.23823261	2.713270187	277229	0.694312811	60.19810715	29.26918221	2.897700896	59.55884552	369.3367615	378.7974243	47620	210.679863	477.8804733	80.90092468	60.90997314
P12_task-rl_run-2_bold	0.000817791	0.005361605	1	21.44012657	1.190527244	1.003199118	0.398265994	18590.46875	0.149574134	88	20.90261283	2.455723615	2.265458324	2.669202521	2.43251	0.040866	-0.010648627	0.019330921	421	82	82	56	4.63190116	1	3.024390221	3.024390221	3	37.27306684	2.355964422	12.16603279	2.686460972	277186	0.729216158	60.4976263	29.05425262	2.759533423	60.74443436	368.0943604	377.6698608	47611	209.2993011	478.0095215	81.53582764	66.40451813
P12_task-rl_run-3_bold	0.009125592	0.007916256	0	22.06025031	1.224525323	1.066097908	0.399036165	17897.48438	0.158829153	70	16.58767773	2.4774665	2.280086066	2.696970101	2.455343333	0.0207998	-0.011515498	0.019193754	422	82	82	56	4.582255958	1	3.024390221	3.024390221	3	36.64539183	2.406593561	12.33172226	2.736966848	277144	0.755924225	61.53554916	29.21391106	2.690665851	61.49641037	367.9603577	377.7417297	47689	205.7914734	478.3900696	82.43489075	54.6570282
P12_task-rl_run-4_bold	0.000947536	0.007127642	0	21.18480608	1.150971161	0.978800684	0.399219031	17846.09375	0.14568057	64	15.16587678	2.471311975	2.275321469	2.690284456	2.44833	0.0195008	-0.011415099	0.019337686	422	82	82	56	4.672869218	1	3.024390221	3.024390221	3	35.90450012	2.448753119	12.3466959	2.75118494	277180	0.751184881	61.51907749	29.1391468	2.790450256	59.57108307	368.089447	378.4597168	47575	208.7218124	475.8488251	80.99001312	59.23053741
P12_task-rest_bold	0.000828153	0.01193215	2	20.51702673	1.094692982	0.950539816	0.400310186	17640.07813	0.158689257	154	26.10169492	2.520017513	2.311613082	2.743379457	2.50506	0.0202603	-0.010324478	0.018939205	590	82	82	56	4.607019624	1	3.024390221	3.024390221	3	35.43210703	2.502833605	12.49838257	2.777966022	276792	0.715254247	62.42720242	29.57539368	2.724058777	60.10821533	366.6519165	377.7296753	47908	203.6638062	475.3589005	81.98917389	46.35826492
P01_task-rl_run-1_bold	0.002005024	0.013651989	0	23.89835539	1.233708834	0.986341277	0.384575812	27846.75977	0.1324307	79	18.72037915	2.457238991	2.213937194	2.703569779	2.45421	0.0239834	-0.012737646	0.019861108	422	82	82	56	5.166967365	1	3.024390221	3.024390221	3	42.32331412	1.942841649	9.815272331	2.180094957	278374	0.582938433	45.41161232	24.5618	3.684319408	54.70344543	366.7595215	370.8045044	46892	248.2712196	470.2149567	71.76367188	50.82831573
P01_task-rl_run-2_bold	0.003763507	0.011686112	0	24.50016438	1.270320799	1.030052615	0.384730602	28525.4707	0.136385201	82	19.43127962	2.45856624	2.216089694	2.702432359	2.457176667	0.0398269	-0.012848829	0.019892979	422	82	82	56	5.127029292	1	3.024390221	3.024390221	3	43.97078905	1.879602432	9.868709564	2.146919489	278265	0.592417061	45.27914734	25.11709595	3.447735067	55.99280167	366.920105	371.0320129	46982	247.3378098	471.8354507	72.36706543	52.93360901
P01_task-rl_run-3_bold	0.001037773	0.010728743	0	23.64629454	1.238671311	0.992806175	0.384549007	28454.72852	0.131073262	78	18.48341232	2.412707978	2.180558565	2.642202036	2.415363333	0.0461441	-0.013021057	0.020182448	422	82	82	56	5.26028734	1	3.024390221	3.024390221	3	44.04947034	1.893655539	10.06976414	2.158767939	278970	0.60189575	46.1587677	25.71979141	3.597504186	55.52378845	371.0504456	374.3696899	46341	258.5473938	475.0592651	71.16828918	57.06475067
P01_task-rl_run-4_bold	0.001736114	0.011466952	0	24.06456635	1.194964796	0.966542553	0.385659065	27448.5625	0.141427134	86	20.37914692	2.438224672	2.20657042	2.669480262	2.438623333	0.0445106	-0.013535339	0.01816269	422	82	82	56	5.165062192	1	3.024390221	3.024390221	3	41.63142616	1.925275087	10.27336884	2.206161261	278650	0.62559247	47.43021603	26.10778809	3.492540967	56.05780029	370.5170288	374.6895752	46616	251.3975182	475.8868561	72.54231262	54.68660355
P01_task-rest_bold	0.001289172	0.015874179	0	24.77648203	1.208871845	0.960271324	0.384895619	27961.69922	0.150955784	166	28.04054054	2.475416321	2.226848888	2.710503408	2.488896667	0.0451835	-0.013539054	0.021111533	592	82	82	56	5.094486125	1	3.024390221	3.024390221	3	42.97335615	1.993498802	10.05111504	2.184121609	278627	0.565878391	46.70726433	25.27337265	3.566909312	56.1710701	369.8133545	373.9577942	46701	248.515213	475.2736511	73.40363312	45.56741333
P78_task-rl_run-1_bold	0.007285545	0.008846903	0	19.6255659	1.032419688	1.002327608	0.41148945	17277.95898	0.144957494	39	9.241706161	2.541434395	2.362165421	2.728827763	2.53331	0.024428	-0.015585251	0.036354788	422	82	82	56	4.50912582	1	3.024390221	3.024390221	3	25.09150769	2.582257509	13.36236858	2.864928961	272754	0.85308063	66.04822426	29.60116386	3.013668202	63.90824127	377.7705078	388.0379333	51028	207.164344	491.7148346	86.05529022	50.54934311
P78_task-rl_run-2_bold	0.003548412	0.006270523	0	19.5162883	1.082330749	1.00469185	0.41080921	17646.49219	0.124520585	44	10.42654028	2.510668964	2.340200663	2.68473623	2.50707	0.0349268	-0.01525302	0.037756655	422	82	82	56	4.590389813	1	3.024390221	3.024390221	3	24.92624393	2.533071518	13.26913071	2.827014208	272853	0.855450273	66.14786987	29.48052788	2.99864187	64.1506424	378.6299133	387.908783	50732	218.6322357	491.8681595	84.50370789	59.83829117
P78_task-rl_run-3_bold	0.002655711	0.010935299	0	19.71901152	0.964288984	0.926586455	0.413143335	16362.29199	0.140120025	52	12.32227488	2.545081483	2.364172438	2.729535344	2.541536667	0.0242754	-0.016116966	0.037249312	422	82	82	56	4.537074237	1	3.024390221	3.024390221	3	24.26463512	2.691168785	13.6648016	2.940758467	272700	0.860189617	68.08531189	29.7461586	2.811150491	65.06939697	377.8568726	387.223938	50938	215.3611504	492.0220459	85.34577942	46.97554779
P78_task-rl_run-4_bold	0.001888081	0.00588301	0	19.04578636	1.112325501	1.027563534	0.413319973	16220.68164	0.118664912	42	9.952606635	2.505770533	2.341447195	2.670611069	2.505253333	0.0315071	-0.016442582	0.038712233	422	82	82	56	4.589730901	1	3.024390221	3.024390221	3	24.271777	2.708735466	13.88378716	2.962085485	272938	0.876777291	69.79656715	30.46167755	2.947528422	64.58101654	379.6721802	388.9905396	50619	219.4739487	493.8670898	84.75152588	62.90763474
P78_task-rest_bold	0.001368122	0.009904032	1	18.85537873	1.068049442	0.983232154	0.413027653	16248.52734	0.080653406	24	4.060913706	2.494513938	2.330737599	2.659154214	2.49365	0.0411722	-0.015856044	0.037567619	591	82	82	56	4.618978796	1	3.024390221	3.024390221	3	23.54621957	2.69928956	13.84310627	2.959390879	273254	0.87648052	69.12521362	30.23667336	3.10964954	62.89390945	379.9776917	389.131958	50451	219.8392487	492.616745	84.2454834	50.39929581
P96_task-rl_run-1_bold	0.001508219	0.012571093	1	24.76394132	1.167141604	0.951576361	0.389149701	23984.43164	0.144468477	57	13.5391924	2.542177513	2.30754284	2.845849699	2.47314	0.0147953	-0.01443562	0.015729517	421	82	82	56	4.835463087	1	3.024390221	3.024390221	3	34.00440775	1.771375179	9.049502373	1.950118899	278249	0.439429939	44.94774628	20.99341965	3.1234149	46.90091324	299.2513123	306.6888428	46619	179.5126007	383.4627167	63.4242363	48.65235901
P96_task-rl_run-2_bold	0.003183531	0.010037022	0	24.33471148	1.219302376	1.003032698	0.38962278	24327.06641	0.147313715	49	11.61137441	2.523947119	2.301379614	2.816488409	2.453973333	0.0262448	-0.014803858	0.014473643	422	82	82	56	4.754997434	1	3.024390221	3.024390221	3	33.96322981	1.742584825	9.327096939	1.945497751	278347	0.436018974	47.06090317	21.88690376	3.279134839	46.37878418	300.6835022	308.1137695	46574	175.8128036	385.6479919	64.79718781	52.19305038
P96_task-rl_run-3_bold	0.003544548	0.014582191	2	24.61623196	1.118431896	0.960577113	0.388746844	24029.06836	0.175467608	76	18.0952381	2.565165641	2.334549937	2.853153651	2.507793333	0.0174247	-0.014524451	0.014425058	420	82	82	56	4.675285818	1	3.024390221	3.024390221	3	35.90057375	1.747352719	9.283232689	1.952381015	278596	0.435714304	46.91428757	21.64133263	2.973031258	48.23398209	299.2946167	307.3190613	46479	170.7323837	386.0650146	65.73197174	42.16728592
P96_task-rl_run-4_bold	0.004643175	0.021298076	0	24.46620053	1.080444776	0.940265262	0.387650947	24346.54297	0.180549972	105	24.88151659	2.592742782	2.352127034	2.878041312	2.54806	0.0227362	-0.013715353	0.015065181	422	82	82	56	4.60856428	1	3.024390221	3.024390221	3	33.7116218	1.725018382	9.140257835	1.945497751	278646	0.438388646	46.29028511	21.03815269	2.952137456	48.66238785	299.1040649	307.3104248	46486	168.6463318	387.3631744	66.68174744	35.59890747
P96_task-rest_bold	0.002499003	0.017508741	0	24.36354216	1.127858284	0.958212465	0.391557363	23114.16211	0.155598811	90	15.2027027	2.550920703	2.317726711	2.827108731	2.507926667	0.0205463	-0.014812798	0.015191108	592	82	82	56	4.729830078	1	3.024390221	3.024390221	3	32.11906621	1.830713391	9.715060234	2.013513565	278297	0.4375	49.44932556	22.60549545	3.286931448	46.89607239	305.1356812	311.1511841	46626	180.3163071	392.8188477	65.78414917	39.62653351
P05_task-rl_run-1_bold	0.002265986	0.00934139	1	26.92328815	1.324611997	1.024155464	0.404125897	22947.67969	0.137675838	57	13.5391924	2.370983265	2.156203242	2.612126552	2.34462	0.0263664	-0.015861284	0.02913671	421	82	82	56	5.203741807	1	3.024390221	3.024390221	3	54.86528865	2.222142696	10.90025234	2.543943167	271000	0.771971524	51.54156876	25.79854202	3.591256677	59.39919662	389.684967	395.3610535	52571	262.0213928	496.2197418	75.97557831	59.71473694
P05_task-rl_run-2_bold	0.001756896	0.009364434	0	27.950993	1.319367119	1.011359145	0.404625409	22683.45508	0.160609831	100	23.69668246	2.367058901	2.159079855	2.598970181	2.343126667	0.0426453	-0.016129514	0.028494494	422	82	82	56	5.167553387	1	3.024390221	3.024390221	3	52.53274574	2.234443188	11.05323124	2.559241772	271066	0.781990528	52.86256027	26.19578552	3.477301159	60.14022446	389.774231	395.5995483	52525	260.2445557	496.9038208	76.55378723	58.54390717
P05_task-rl_run-3_bold	0.003635924	0.012906948	0	29.1267666	1.291304023	1.029364127	0.403935407	22796.18555	0.177106418	133	31.51658768	2.388579242	2.176385823	2.615158569	2.374193333	0.0363356	-0.015964795	0.028890587	422	82	82	56	5.134279027	1	3.024390221	3.024390221	3	52.46674993	2.248496294	11.05919361	2.559241772	271286	0.755924225	52.82642555	25.99986267	3.32025281	60.73049927	389.9985046	395.473938	52353	258.624176	498.8421997	77.02545166	47.52045059
P05_task-rl_run-4_bold	0.002436983	0.017367984	1	27.54843401	1.190388595	0.971362512	0.404070613	22373.33203	0.181462934	115	27.31591449	2.422093086	2.202529936	2.644175988	2.419573333	0.026956	-0.015806435	0.02947318	421	82	82	56	5.087964056	1	3.024390221	3.024390221	3	53.32037979	2.274966955	11.03945255	2.572446585	271253	0.76009506	52.88598633	25.7724247	3.292490169	60.97509384	387.9863892	393.9346924	52430	255.4065453	497.2293671	77.4240799	41.12353134
P05_task-rest_bold	0.001647733	0.009467899	1	26.94659292	1.341482055	1.021473005	0.40318352	23719.44727	0.122326832	58	9.813874788	2.378539349	2.172728888	2.597865826	2.365023333	0.051007	-0.014996467	0.029017251	591	82	82	56	5.19198947	1	3.024390221	3.024390221	3	54.51619686	2.185019493	10.92965317	2.517766476	271240	0.76818949	53.28282375	25.78193092	3.432015273	61.31601715	392.5108032	398.2487183	52247	263.1516113	500.0847534	76.70372009	57.49480057
P30_task-rl_run-1_bold	0.008540047	0.016479768	0	27.76359551	1.335690009	1.020378424	0.360615336	37100.94531	0.170447315	67	15.87677725	2.533430174	2.264238243	2.84758228	2.48847	0.0200232	-0.019957773	0.018213525	422	82	82	56	5.661987122	1	3.024390221	3.024390221	3	56.51726429	1.433416486	6.95642662	1.654028535	284122	0.338862568	30.09952736	18.30796432	4.721167403	42.38591766	318.4935913	323.5035706	42242	223.0870934	396.4715881	57.13537216	48.25115204
P30_task-rl_run-2_bold	0.004604431	0.012174288	0	26.61309987	1.2985517	1.009422237	0.359889108	39007.13672	0.158050061	71	16.82464455	2.52375237	2.252642517	2.819827925	2.498786667	0.0315078	-0.019794814	0.017351395	422	82	82	56	5.689989063	1	3.024390221	3.024390221	3	58.42567242	1.426389694	6.954585075	1.620853186	284218	0.310426563	30.56398201	18.51750755	4.50205759	43.41004944	318.9303284	323.5331726	42103	226.1225235	397.1936066	56.85939407	53.1754303
P30_task-rl_run-3_bold	0.006737701	0.027804068	0	29.26919592	1.128487273	0.916186268	0.361552662	36616.33984	0.28670252	104	24.64454976	2.593181447	2.312853002	2.898948006	2.567743333	0.0155484	-0.020141428	0.0192957	422	82	82	56	5.645208625	1	3.024390221	3.024390221	3	58.73454276	1.468549252	7.172716618	1.677725196	284025	0.360189587	31.290522	18.96632957	4.788450917	42.53522873	320.9771729	326.2014465	42299	224.4692032	398.8035614	57.78308868	34.65554428
P30_task-rl_run-4_bold	0.005389384	0.039112682	0	31.46755723	1.105094552	0.911924434	0.362586487	34232.65234	0.373102742	129	30.56872038	2.644379073	2.367194534	2.948392684	2.61755	0.0107538	-0.019453822	0.017409701	422	82	82	56	5.61513587	1	3.024390221	3.024390221	3	54.58211682	1.647726297	7.257088661	1.767772555	283825	0.236966833	31.66540413	18.92067337	4.895906902	41.65687943	323.190979	328.6611633	42552	222.6816391	400.8660004	58.53060532	28.08470154
P30_task-rest_bold	0.003217264	0.032991912	0	28.92947944	1.152571249	0.914987003	0.362301481	36484.07031	0.268706136	165	27.87162162	2.621110694	2.328528889	2.915119861	2.619683333	0.0145479	-0.020191599	0.01896066	592	82	82	56	5.659622891	1	3.024390221	3.024390221	3	52.20205447	1.557734251	7.494072914	1.733108163	283998	0.336148649	33.39628468	19.76201439	4.870971865	42.51337433	327.3867798	332.189209	42288	228.1233994	406.3135269	58.69388962	31.34803581
P52_task-rl_run-1_bold	0.003066841	0.024625836	1	18.52902755	0.908673942	0.891539136	0.348795033	34785.60547	0.136610248	51	12.11401425	2.565292988	2.300609211	2.814683086	2.580586667	0.014705	-0.012593314	0.01297466	421	82	82	56	5.165611466	1	3.024390221	3.024390221	3	58.07105926	1.426256418	7.109389305	1.760095119	288316	0.532066524	31.71080875	19.03453827	4.647623713	44.34074783	324.1878052	331.990509	39111	204.7375336	407.1710358	64.2685318	37.95734787
P52_task-rl_run-2_bold	0.004804953	0.014450807	0	18.69593651	1.049731993	1.00099692	0.345680542	38247.46094	0.150492551	85	20.14218009	2.526792585	2.281560743	2.749010344	2.549806667	0.0196046	-0.011475644	0.013538506	422	82	82	56	5.146754516	1	3.024390221	3.024390221	3	63.99307024	1.292885423	6.793729305	1.67061615	288718	0.502369702	29.6855464	18.75558281	4.328285417	46.26281738	327.8128052	335.1421814	38773	210.0914825	413.7336548	65.11634827	47.68984604
P52_task-rl_run-3_bold	0.003182322	0.015962855	0	21.57759586	1.041724565	0.958814475	0.346423969	37272.51172	0.180111086	105	24.88151659	2.535441034	2.297411873	2.758331231	2.55058	0.0648457	-0.011626235	0.014883609	422	82	82	56	5.098348266	1	3.024390221	3.024390221	3	64.20969091	1.271805763	6.650019169	1.668246508	288233	0.507109046	29.39905319	18.17045593	4.247513097	46.78277969	324.1899414	331.8128052	39139	204.9355469	409.8234802	65.08158112	43.19592285
P52_task-rl_run-4_bold	0.006727275	0.019452965	0	20.86303573	1.05124352	1.004397878	0.346036172	38690.77344	0.198792933	112	26.54028436	2.547975855	2.293930179	2.770694054	2.579303333	0.0308578	-0.011160462	0.014735731	422	82	82	56	5.211720803	1	3.024390221	3.024390221	3	59.87860376	1.292885542	6.729991436	1.661137462	288482	0.502369702	29.86943197	18.43092155	4.388756856	45.87638092	327.0026855	334.3447876	38864	210.5975212	411.7488403	64.15164948	40.01506805
P52_task-rest_bold	0.003188294	0.023877311	0	21.06016006	0.993523606	0.94656328	0.347890184	37213.66797	0.201862183	167	28.20945946	2.55654038	2.303059292	2.787775183	2.578786667	0.0336616	-0.012239782	0.01417004	592	82	82	56	5.143101676	1	3.024390221	3.024390221	3	56.62648571	1.377417684	7.036109447	1.694256783	288610	0.515202701	31.72390232	18.91576385	4.266431548	45.6401062	324.932373	332.0810852	38847	205.1418961	410.3324402	64.56742096	35.38161469
P47_task-rl_run-1_bold	0.001869502	0.015076229	0	25.31079741	1.240218303	0.956531635	0.393875529	18841.92773	0.124928211	15	3.55450237	2.418018382	2.16680042	2.676311392	2.410943333	0.0155679	-0.014551892	0.023563454	422	82	82	56	5.421873602	1	3.024390221	3.024390221	3	39.90993556	2.666576147	11.90698051	2.947867393	277523	0.779620886	56.50474167	27.42145729	4.804972341	54.19230652	405.8160706	411.7511902	47061	277.1327209	506.1351013	75.94179535	52.27227783
P47_task-rl_run-2_bold	0.009980879	0.014104854	1	23.87963628	1.294406398	1.087335207	0.392457998	20788.80273	0.149501534	71	16.86460808	2.45250098	2.19801663	2.704406311	2.45508	0.0223721	-0.014002245	0.022141529	421	82	82	56	5.317041788	1	3.024390221	3.024390221	3	38.13838725	2.503872395	11.63963413	2.786223412	277390	0.700712621	56.11081085	27.18068695	4.541554202	55.30706406	406.9177856	413.3943176	47203	268.3622375	508.8349335	77.74810791	51.82711029
P47_task-rl_run-3_bold	0.000924194	0.010512701	0	22.95487807	1.191321173	0.973330797	0.393036067	19545.84375	0.124229879	37	8.767772512	2.417981554	2.181302517	2.672118811	2.400523333	0.0264217	-0.013857675	0.022147242	422	82	82	56	5.268939297	1	3.024390221	3.024390221	3	38.32110026	2.585771084	11.87048531	2.895734787	277460	0.79620856	56.91481419	27.76833725	4.69794221	55.63093185	406.8482971	413.9135132	47170	267.7683731	508.6740799	78.55644226	62.65492249
P47_task-rl_run-4_bold	0.00237095	0.026473897	1	24.74338012	1.059698406	0.896108207	0.390388488	22285.64258	0.174670589	89	21.14014252	2.518392638	2.243057114	2.772324134	2.539796667	0.00549601	-0.013011166	0.021893473	421	82	82	56	5.252053273	1	3.024390221	3.024390221	3	39.80672518	2.405267	11.41555882	2.705463409	277657	0.717339694	54.33491898	27.23430443	4.482061107	56.02547073	408.5854492	415.6532288	47088	268.6669937	511.8051285	79.14025116	37.33555603
P47_task-rest_bold	0.001951537	0.017539457	0	21.1115246	1.102459483	0.962457536	0.391966976	20754.5625	0.150171301	131	22.12837838	2.448173803	2.198935823	2.690145585	2.45544	0.0511894	-0.013306661	0.021795215	592	82	82	56	5.326755251	1	3.024390221	3.024390221	3	39.68691694	2.549474716	11.65693283	2.802364826	277662	0.722972989	56.37998524	27.66546631	4.461892724	56.25500107	407.3895874	413.966217	47024	272.2135941	510.1216415	77.71369171	45.81697845
P84_task-rl_run-1_bold	0.002347773	0.00741432	0	24.36617509	1.260133001	1.021647475	0.356824138	31233.56055	0.113351394	18	4.265402844	2.475310954	2.271750501	2.74138236	2.4128	0.0255242	-0.017720798	0.020430995	422	82	82	56	4.586658014	1	3.024390221	3.024390221	3	38.03974944	1.595027208	7.699432373	1.793838978	286775	0.32938391	36.4390995	19.34316254	3.348268362	49.2069397	317.1812744	324.74646	39995	174.7331802	410.6545197	70.80152893	62.82907104
P84_task-rl_run-2_bold	0.007525995	0.011826664	0	23.80998463	1.253153813	1.04458371	0.357277817	30442.62695	0.110774119	12	2.843601896	2.491123077	2.282496469	2.752812763	2.43806	0.0177501	-0.018028772	0.019773765	422	82	82	56	4.575575651	1	3.024390221	3.024390221	3	37.79388041	1.619620204	7.805562973	1.815165997	286841	0.34123224	37.08768082	19.53335381	3.239177133	49.38959503	317.3399353	325.0331726	39955	173.4320023	411.1853119	71.03567505	50.39864349
P84_task-rl_run-3_bold	0.001596777	0.013435081	0	23.47086025	1.105810514	0.928182607	0.357633385	29828.41211	0.121210137	16	3.791469194	2.495721456	2.287459453	2.755828247	2.443876667	0.0147273	-0.018266654	0.020474892	422	82	82	56	4.522351478	1	3.024390221	3.024390221	3	37.55579699	1.651239753	7.894678593	1.845971584	286965	0.360189587	37.56729965	19.61448288	3.205441775	49.47044754	317.287384	325.0379333	39983	170.6502426	412.0372223	71.87275696	50.22483063
P84_task-rl_run-4_bold	0.002918602	0.01351092	0	22.05855621	1.136666192	0.966010945	0.356741676	30525.81445	0.110424994	17	4.028436019	2.514669466	2.306250018	2.765651715	2.472106667	0.0103615	-0.01781304	0.020902915	422	82	82	56	4.502602376	1	3.024390221	3.024390221	3	39.48555415	1.661779404	7.775280952	1.819905281	286926	0.348341256	37.1184845	19.17657661	3.056605669	50.51564026	315.9212646	323.75	39932	169.3607864	411.3560669	71.90196228	46.60198212
P84_task-rest_bold	0.001482331	0.01871879	0	22.0843984	1.121531866	0.943032704	0.358719923	29764.01758	0.11137553	55	9.290540541	2.54001245	2.332708244	2.799592441	2.487736667	0.00713451	-0.017717952	0.021033304	592	82	82	56	4.476569362	1	3.024390221	3.024390221	3	40.06782507	1.740555048	7.906124592	1.836148739	286515	0.332770288	37.75337982	19.44737816	2.959844135	49.96267319	315.1828918	323.4459534	40281	165.7483215	410.4189148	72.25218964	39.72077942
P09_task-rl_run-1_bold	0.000870687	0.012381346	0	26.70497315	1.248746174	0.972451304	0.386892367	21060.98438	0.151834874	94	22.27488152	2.498263526	2.272606872	2.802717038	2.419466667	0.0116348	-0.017859064	0.016674463	422	82	82	56	5.430250198	1	3.024390221	3.024390221	3	49.57703032	1.956894398	9.797926903	2.154028416	280488	0.383886278	44.58293915	23.99455643	4.831155444	42.13294983	315.2516479	320.983429	44910	211.6824753	393.4470566	59.10958862	58.85016251
P09_task-rl_run-2_bold	0.000983183	0.010958272	1	24.64741017	1.201107887	0.98488348	0.386645043	21289.28516	0.160503278	137	32.5415677	2.483227262	2.264763969	2.78827115	2.396646667	0.0179373	-0.017720869	0.017037645	421	82	82	56	5.439728974	1	3.024390221	3.024390221	3	49.90577599	1.950977802	9.810744286	2.144893169	280552	0.38004753	44.82767448	24.05030823	4.759516804	42.52886963	315.4450378	321.0119019	44768	213.4038086	393.9413574	59.01182175	61.86449814
P09_task-rl_run-3_bold	0.001815843	0.01032798	1	22.59066219	1.190326755	1.0224292	0.3853691	21756.58594	0.163316749	131	31.11638955	2.470755228	2.256385421	2.769930263	2.38595	0.0133597	-0.017576246	0.015428088	421	82	82	56	5.460790309	1	3.024390221	3.024390221	3	51.22444528	1.905196667	9.716983795	2.125890732	280801	0.370546341	44.42755508	24.00169563	4.733982308	42.82995605	316.7061157	322.296936	44639	214.7764908	395.1983612	59.01953888	64.03866577
P09_task-rl_run-4_bold	0.000950333	0.00907976	1	22.58732957	1.180318198	1.003677592	0.385980142	21380.25	0.165108988	154	36.57957245	2.454316446	2.245510501	2.749605505	2.367833333	0.0224087	-0.01782521	0.01689991	421	82	82	56	5.530850585	1	3.024390221	3.024390221	3	51.11532071	1.915761828	9.786478996	2.140142679	280776	0.370546341	44.82541752	23.95753479	4.654190568	42.44256592	316.8004761	322.054657	44601	216.9049988	395.0689087	58.22812271	68.66069031
P09_task-rest_bold	0.000941337	0.010793457	1	23.3955801	1.193246535	1.004611448	0.387051371	20906.67773	0.166263087	204	34.5177665	2.490439681	2.27560913	2.790063247	2.405646667	0.0269013	-0.018058406	0.017835833	591	82	82	56	5.411909184	1	3.024390221	3.024390221	3	52.82589599	1.9466995	9.879750252	2.157360315	280532	0.382402688	45.13426189	23.97696495	4.682804444	42.81862259	315.6260071	321.3891602	44858	211.1442398	394.787056	59.38488007	60.70846558
P85_task-rl_run-1_bold	0.00253285	0.010285249	1	26.67850964	1.240801031	1.00382201	0.353531769	25230.53711	0.155224928	105	24.94061758	2.417010093	2.234893485	2.660066795	2.35607	0.00859993	-0.021633031	0.01444005	421	82	82	56	4.658479587	1	3.024390221	3.024390221	3	64.29492942	2.042540312	8.440042496	2.199525118	288454	0.42992875	34.51389713	21.75157166	3.259722223	54.46183395	346.4472656	355.8456116	38833	194.8114075	445.3330322	76.38565826	53.60024261
P85_task-rl_run-2_bold	0.001491611	0.011102472	0	26.47459885	1.201276447	0.959860995	0.353942374	24866.9043	0.152225131	90	21.32701422	2.428555335	2.241846953	2.670039053	2.37378	0.0192381	-0.021650888	0.014937603	422	82	82	56	4.574101719	1	3.024390221	3.024390221	3	64.70549186	2.034186602	8.474047661	2.208530903	288280	0.436018974	34.73483696	21.70045662	3.049145148	56.00160217	345.3286438	355.074646	38968	187.8173065	446.6373428	77.62619019	49.25265503
P85_task-rl_run-3_bold	0.002761919	0.007424971	0	25.90266255	1.288419947	1.026075752	0.352324281	26127.89648	0.137347809	56	13.27014218	2.409330586	2.231249775	2.641388649	2.355353333	0.0229714	-0.02145485	0.013266442	422	82	82	56	4.545872372	1	3.024390221	3.024390221	3	66.14716211	1.918248534	8.378757477	2.154028416	288404	0.428909957	34.33341427	21.97340965	3.022447204	56.25807571	346.4746704	356.1990662	38841	189.3199158	448.8554688	78.35558319	59.99198151
P85_task-rl_run-4_bold	0.001564692	0.006783637	0	25.82336761	1.284931069	1.006593752	0.352650689	26095.4668	0.140066987	57	13.507109	2.399889905	2.230876146	2.628073569	2.34072	0.0177093	-0.021544056	0.013694496	422	82	82	56	4.518926854	1	3.024390221	3.024390221	3	65.92197192	1.911221743	8.387926102	2.149289131	288411	0.431279629	34.36730003	21.93839264	3.032427402	56.15971375	345.915863	355.9573669	38841	186.3056946	448.7014465	78.76931763	62.61507416
P85_task-rest_bold	0.001016385	0.010502042	0	24.02081319	1.19808856	0.972008954	0.353479398	26270.21094	0.129617894	64	10.81081081	2.428105765	2.239053001	2.666524295	2.37874	0.0337827	-0.021344995	0.014319038	592	82	82	56	4.532360262	1	3.024390221	3.024390221	3	60.45460435	1.93088901	8.378147125	2.138513565	288234	0.413851351	35.04062576	21.64492416	3.006010972	56.28879929	346.6184082	356.3158875	39001	186.6216278	450.2365112	78.61495972	49.74424744
P55_task-rl_run-1_bold	0.022641611	0.015449691	0	16.30558433	0.943655787	0.944275162	0.39237442	23145.44531	0.121807735	20	4.739336493	2.476302961	2.237925501	2.675246714	2.515736667	0.0142207	-0.017070677	0.031173836	422	82	82	56	5.076696809	1	3.024390221	3.024390221	3	31.55678957	2.930072069	13.29139233	3.26303339	275708	0.744075835	61.04265594	31.09107018	3.387332433	71.95185852	493.489563	505.6184998	48761	308.6801147	625.3294067	99.59494019	45.48196411
P55_task-rl_run-2_bold	0.007375439	0.015012849	1	16.72853707	1.028160531	0.979551048	0.393562726	22436.00977	0.155310821	79	18.76484561	2.495931787	2.265074775	2.693220585	2.5295	0.00825432	-0.017069293	0.031319983	421	82	82	56	4.971802648	1	3.024390221	3.024390221	3	29.85907067	2.922945261	13.4929018	3.294537067	275525	0.762470365	62.34869614	31.25046921	3.40184831	72.78487396	490.7420959	503.8598938	48997	300.0817139	623.6118896	101.3424683	44.45482635
P55_task-rl_run-3_bold	0.009733531	0.012206699	0	17.95193327	0.960126738	0.923425982	0.392825466	23222.30078	0.147466938	21	4.976303318	2.462808077	2.245593162	2.598451068	2.54438	0.0706467	-0.018283119	0.036541738	422	82	82	56	4.985230133	1	3.024390221	3.024390221	3	28.46726342	2.996824026	14.08521557	3.277251244	276477	0.72748816	66.74170685	32.99827957	3.529600804	72.68261719	500.7421265	513.5012207	48212	307.155809	634.9532043	103.0034485	45.11212158
P55_task-rl_run-4_bold	0.002206603	0.018180461	1	15.85920587	0.97137183	0.897748948	0.393387545	22920.55078	0.111107108	12	2.850356295	2.488637763	2.245583243	2.630966714	2.589363333	0.00243797	-0.017634304	0.037865244	421	82	82	56	5.061688046	1	3.024390221	3.024390221	3	28.72857493	2.993377447	14.20466232	3.318289995	276453	0.752969146	67.00427856	32.85669327	3.379980593	72.20378876	500.1859741	512.1936035	48168	311.7561935	634.4267395	101.1892242	41.54555511
P55_task-rest_bold	0.001171182	0.007846663	0	17.17349562	1.068550379	0.970024022	0.389862046	26928.39453	0.144660933	139	23.47972973	2.456400693	2.218159533	2.652799214	2.498243333	0.0173369	-0.013533099	0.032767363	592	82	82	56	5.022943262	1	3.024390221	3.024390221	3	34.68588596	2.584536552	12.31442928	2.939189196	275397	0.650337875	58.3236496	30.06393242	3.234291987	73.51902771	485.97229	497.625	48995	309.1096344	618.8866577	99.06938934	59.89902496
P60_task-rl_run-1_bold	0.00222737	0.008941627	0	28.03076485	1.245751471	1.024189256	0.418165728	14200.31445	0.216464738	209	49.52606635	2.455018588	2.299362679	2.655193085	2.4105	0.0238565	-0.011679172	0.009814925	422	82	82	56	4.650952516	1	3.024390221	3.024390221	3	30.43376125	2.455779552	11.43988514	2.514218092	271742	0.580568731	55.18009567	25.58414268	2.785706088	49.80594254	300.3377686	306.1291504	51704	177.66008	392.1469421	65.82010651	55.34822845
P60_task-rl_run-2_bold	0.001173199	0.009469267	0	27.69808868	1.223634451	1.003715848	0.420769179	13642.45996	0.211398319	211	50	2.430234475	2.280304292	2.623699133	2.3867	0.0297646	-0.012005444	0.009599838	422	82	82	56	4.707065041	1	3.024390221	3.024390221	3	28.92080532	2.543611526	11.90681839	2.585308075	271658	0.599526107	57.82938766	26.58811188	3.019121327	48.44107056	302.3721008	307.5829468	51745	181.5317627	393.5232483	65.3443222	54.04519653
P60_task-rl_run-3_bold	0.00175282	0.009460654	0	26.85417025	1.206949592	1.011370012	0.4202353	13424.46094	0.212337932	197	46.68246445	2.461442092	2.302305421	2.66120752	2.420813333	0.0364188	-0.01128059	0.012073018	422	82	82	56	4.64231753	1	3.024390221	3.024390221	3	28.67253916	2.519018412	11.70396519	2.58056879	271681	0.618483424	56.94313049	25.68997002	2.679958323	50.23631668	298.4780273	304.649292	51779	175.2950302	389.8419678	65.62376404	52.54839706
P60_task-rl_run-4_bold	0.001230166	0.00793297	0	27.14267796	1.232587625	1.021887975	0.420162445	13554.20801	0.203059504	199	47.1563981	2.446537065	2.293745018	2.646612843	2.399253333	0.0276397	-0.011125916	0.011489059	422	82	82	56	4.664453501	1	3.024390221	3.024390221	3	28.54628034	2.519018888	11.74087238	2.573459864	271768	0.61374408	57.13744354	25.84401321	2.830029318	49.35453033	299.6821899	305.4597168	51621	176.8649292	390.736969	65.48607635	58.12564468
P60_task-rest_bold	0.000713311	0.013235432	0	24.45508757	1.126740879	0.958723212	0.421565876	12872.49023	0.163742895	164	27.7027027	2.46802038	2.304596792	2.671437682	2.428026667	0.0245841	-0.010729323	0.014107992	592	82	82	56	4.67276958	1	3.024390221	3.024390221	3	28.34588492	2.577023029	11.78696442	2.630067587	271752	0.641891897	57.28209686	25.36610985	2.732367025	49.88756561	298.2296143	303.8631897	51747	178.0697723	389.2067749	65.02787018	44.11169434
P25_task-rl_run-1_bold	0.005688483	0.02576693	0	29.96945514	1.022277481	0.895898887	0.400436404	18872.10742	0.326647668	272	64.4549763	2.630071465	2.366457196	2.9097072	2.61405	0.0221143	-0.017727217	0.02754824	422	82	82	56	5.047516874	1	3.024390221	3.024390221	3	53.98829782	2.673602819	9.787016869	2.725118637	272094	0.663507104	39.24407578	20.68162918	3.839669413	50.85289764	367.6778259	374.5142212	51746	234.5254784	472.3341293	74.1969986	34.32671738
P25_task-rl_run-2_bold	0.003989028	0.011956608	0	28.94894242	1.181424482	0.997618513	0.399726105	21217.29492	0.257001724	234	55.45023697	2.560663893	2.314327679	2.826050667	2.541613333	0.0164135	-0.018516105	0.031243881	422	82	82	56	5.033133312	1	3.024390221	3.024390221	3	56.6473347	2.283629179	9.597238541	2.514218092	272277	0.706161141	39.53601913	20.45981598	3.747453492	52.18974304	367.7257996	374.0545044	51453	236.9383972	474.7165955	74.31769562	49.67396545
P25_task-rl_run-3_bold	0.001074336	0.01140859	0	27.82515966	1.168717433	0.974858841	0.399175398	21890.4707	0.224022829	213	50.47393365	2.587577056	2.341447195	2.849423974	2.57186	0.0149673	-0.0181378	0.03171761	422	82	82	56	4.962957237	1	3.024390221	3.024390221	3	60.20191579	2.23093009	9.526568413	2.464455128	272231	0.689573467	39.49881554	20.4601059	3.62572617	53.477314	366.2526245	372.7571411	51498	233.1332962	473.298941	75.10713959	51.36536026
P25_task-rl_run-4_bold	0.000773587	0.008730814	1	27.03681733	1.207564163	0.996807852	0.398318056	22308.75	0.195303263	180	42.75534442	2.554070354	2.317048889	2.807005505	2.538156667	0.0126634	-0.018021213	0.029815163	421	82	82	56	5.02548194	1	3.024390221	3.024390221	3	60.48295259	2.179883242	9.459611893	2.441805363	272438	0.695962012	39.28741074	20.68366241	3.804912164	52.59541321	367.4044189	373.8194885	51307	236.9223404	474.0413574	74.38407898	58.76165009
P25_task-rest_bold	0.006460828	0.015902643	0	29.01159951	1.208140514	1.042981561	0.39972	21583.91797	0.282654522	297	50.16891892	2.606772271	2.358865583	2.867391232	2.59406	0.0132554	-0.018224776	0.030946255	592	82	82	56	4.895397621	1	3.024390221	3.024390221	3	55.96396578	2.263973951	9.638998032	2.481419086	272323	0.692567587	40.09949379	20.70327187	3.707505728	52.98174286	365.2272339	372.6207886	51570	225.707103	471.6589676	76.11581421	42.63845825
P81_task-rl_run-1_bold	0.002840071	0.01825097	0	24.39987429	1.09837912	0.946783455	0.379888131	26928.42773	0.191970686	114	27.01421801	2.458739385	2.267524856	2.697806634	2.410886667	0.0156498	-0.013631422	0.010726902	422	82	82	56	5.540607121	1	3.024390221	3.024390221	3	36.17276018	1.9533813	9.585813522	2.298578262	279427	0.68246448	44.98056984	23.37218857	4.623212913	48.84859467	373.9211121	382.0924377	45635	248.9431305	462.59599	68.96144104	45.15119553
P81_task-rl_run-2_bold	0.005215118	0.017939323	0	27.83996999	1.14092799	1.034155003	0.378602396	28763.1875	0.344464935	270	63.98104265	2.452847934	2.261907195	2.69329994	2.403336667	0.0147482	-0.013060627	0.010317383	422	82	82	56	5.471307857	1	3.024390221	3.024390221	3	36.41068668	1.833929777	9.272517204	2.196682453	279492	0.658767819	44.02583065	22.60621643	4.339557055	49.76553726	369.0386658	377.0639954	45603	244.8485809	458.9947968	68.91585541	41.9954834
P81_task-rl_run-3_bold	0.003056137	0.026448355	0	28.78943749	1.074568429	0.966189698	0.37786715	28410.42188	0.352312472	288	68.2464455	2.482658651	2.28510526	2.72313736	2.439733333	0.0136066	-0.012677399	0.010483483	422	82	82	56	5.397097556	1	3.024390221	3.024390221	3	37.18347076	1.79879725	9.155023575	2.199052334	279566	0.67061615	43.35367584	22.24239159	4.527341458	49.42827988	366.8040466	375.5450439	45626	239.7950287	454.9567719	69.58201599	34.79298401
P81_task-rl_run-4_bold	0.004495284	0.014852552	0	21.87546884	1.085336582	1.008346462	0.377413812	29999.45313	0.210745014	164	38.86255924	2.423359771	2.240001953	2.653847359	2.37623	0.0333646	-0.012108556	0.011624929	422	82	82	56	5.52907347	1	3.024390221	3.024390221	3	37.51622284	1.798797131	8.971001625	2.12559247	279520	0.606635094	42.62322617	22.01581573	4.559827488	49.12436676	368.8091125	376.3009644	45522	247.0416016	457.4045319	68.05784607	48.49979019
P81_task-rest_bold	0.004523649	0.014102371	0	19.81582027	1.137811169	1.024699801	0.379129582	28798.27734	0.163247505	157	26.52027027	2.470302665	2.284718405	2.707282924	2.418906667	0.0196363	-0.012805536	0.011880759	592	82	82	56	5.447693235	1	3.024390221	3.024390221	3	36.28399026	1.790642738	9.215402603	2.170608044	279157	0.645270288	43.65033722	22.55666542	4.587631183	50.06786728	368.3051758	376.3260193	45907	245.810144	457.3165527	69.07913208	49.57288742
P08_task-rl_run-1_bold	0.00235955	0.014786357	0	22.72694812	1.074846845	0.957230487	0.401080016	15823.86035	0.173986898	149	35.30805687	2.449255281	2.225387436	2.653718408	2.46866	0.0148164	-0.014698735	0.020907247	422	82	82	56	4.633736633	1	3.024390221	3.024390221	3	28.34043146	2.511991978	12.18361187	2.62559247	278425	0.654028475	58.44786835	28.21170044	3.288038065	52.13698578	335.0087891	340.8317566	46613	192.81138	436.3166016	73.55361938	41.69748306
P08_task-rl_run-2_bold	0.002105118	0.007308429	0	21.85037899	1.138175415	1.001562903	0.403894905	15117.61035	0.156730176	126	29.85781991	2.419319	2.215230017	2.617813649	2.424913333	0.0401915	-0.016405055	0.025024243	422	82	82	56	4.532596975	1	3.024390221	3.024390221	3	26.98188685	2.511992216	12.68497181	2.680094957	278139	0.732227504	61.67796364	28.79310799	3.138867893	53.17869568	333.842041	339.8400574	46856	186.8163567	437.4549942	74.97609711	59.22726059
P08_task-rl_run-3_bold	0.001852322	0.00743483	0	20.58312343	1.131270503	1.008469244	0.404680198	14871.13965	0.151255197	139	32.93838863	2.435569188	2.229365098	2.632309133	2.445033333	0.0276791	-0.017272623	0.026932264	422	82	82	56	4.50137669	1	3.024390221	3.024390221	3	26.67748149	2.575230837	12.80311584	2.713270187	277979	0.72748816	62.62346306	28.66728973	3.170882034	53.32802963	334.8864441	341.4289246	47021	184.8412323	438.6137695	75.84908295	59.74845505
P08_task-rl_run-4_bold	0.00227545	0.009282301	0	21.93207011	1.081821949	0.980623003	0.402119357	16038.42969	0.166146093	123	29.14691943	2.416302638	2.215382114	2.604019133	2.429506667	0.02826	-0.016169699	0.026378997	422	82	82	56	4.558118804	1	3.024390221	3.024390221	3	27.58854259	2.43821311	12.57747364	2.609004736	278557	0.720379174	61.12559509	28.86754608	3.214370286	53.51774216	335.6071167	341.197876	46508	191.3361427	439.2827209	74.85417175	52.37208557
P08_task-rest_bold	0.001537271	0.020400191	2	21.08124072	1.037562183	0.947135546	0.401461615	16578.72266	0.182474558	194	32.88135593	2.450367521	2.219812759	2.653956472	2.477333333	0.012099	-0.013741844	0.023978069	590	82	82	56	4.577335313	1	3.024390221	3.024390221	3	28.7013855	2.392266989	12.29193974	2.554237366	278484	0.689830482	58.31643982	28.48906708	3.218138359	52.51926804	331.9893188	337.7881165	46521	190.0491486	434.2915344	73.7950058	33.71628571
P11_task-rl_run-1_bold	0.00130173	0.009536692	0	18.35883124	1.200096916	1.012281702	0.367506678	28149.51563	0.085976238	3	0.710900474	2.476575049	2.296869614	2.777482199	2.355373333	0.0162682	-0.021797301	0.012452663	422	82	82	56	5.361478826	1	3.024390221	3.024390221	3	39.95065517	1.925275087	8.897566795	2.035545111	284936	0.350710928	39.38270378	22.61064911	4.722159629	44.2497139	339.5449219	346.1990662	41543	222.5237015	424.9381775	64.57078552	72.09105682
P11_task-rl_run-2_bold	0.00088673	0.010324808	0	18.92983675	1.164576495	0.976964333	0.368366965	27552.6875	0.098026665	8	1.895734597	2.478965882	2.298767518	2.779376796	2.358753333	0.0327477	-0.022028791	0.013712858	422	82	82	56	5.345230846	1	3.024390221	3.024390221	3	40.61472937	1.9533813	9.054382324	2.056872129	284963	0.364928931	40.36943398	22.77924919	4.670575735	44.4359436	339.5583496	346.2227478	41506	223.6445541	425.7458725	64.771492	68.16566467
P11_task-rl_run-3_bold	0.001748555	0.009952051	0	20.18276593	1.227714253	1.011596614	0.369310829	27196.79883	0.102011137	16	3.791469194	2.487844332	2.305337437	2.788138892	2.370056667	0.0277326	-0.022311645	0.014214537	422	82	82	56	5.314879665	1	3.024390221	3.024390221	3	40.48890587	1.9533813	9.118408203	2.066350698	284843	0.364928931	41.20308189	22.7499485	4.551785978	45.01207733	338.2772522	345.0047607	41638	221.9476318	424.6520294	64.91221619	69.15695953
P11_task-rl_run-4_bold	0.001069218	0.008719412	0	20.44301565	1.237818072	1.007575913	0.369548143	27560.30273	0.097334634	7	1.658767773	2.483462226	2.304474453	2.782808892	2.363103333	0.0423519	-0.022370707	0.015100848	422	82	82	56	5.333931625	1	3.024390221	3.024390221	3	40.70347487	1.946354866	9.135210991	2.052132845	284755	0.357819915	40.8886261	22.78837776	4.460688174	45.38098526	338.9979858	345.334137	41682	223.6394653	425.7675552	64.74211121	73.73236084
P11_task-rest_bold	0.000807831	0.011516268	2	18.10904224	1.135593885	0.972821113	0.369685673	27461.46289	0.101691669	11	1.86440678	2.502363812	2.31606026	2.809997844	2.381033333	0.0308405	-0.022415498	0.015375321	590	82	82	56	5.282459851	1	3.024390221	3.024390221	3	40.24514099	1.970102191	9.164733887	2.061017036	284711	0.3677966	41.26779556	22.69773102	4.538759984	45.11756516	339.6444702	346.288147	41750	220.2290665	426.8455017	65.55355072	61.15715408
P67_task-rl_run-1_bold	0.000932204	0.010873487	0	23.57958543	1.263921668	0.981706055	0.368052581	27822.4375	0.135907818	67	15.87677725	2.506426465	2.32168784	2.739841553	2.45775	0.00758936	-0.013232513	0.010848102	422	82	82	56	5.387599868	1	3.024390221	3.024390221	3	39.02385566	2.153637886	10.59955502	2.388625622	285067	0.355450243	47.8009491	26.27188301	5.102371678	50.64212418	396.2302856	405.4443359	41544	257.746814	489.5866409	75.25418854	61.72327042
P67_task-rl_run-2_bold	0.001352583	0.007934108	0	23.01931613	1.315211458	1.017753822	0.368284379	27185.54492	0.126225911	29	6.872037915	2.520729475	2.336074212	2.767394215	2.45872	0.0195543	-0.013205169	0.010548921	422	82	82	56	5.261474973	1	3.024390221	3.024390221	3	39.87998458	2.139585018	10.50314999	2.395734787	284820	0.353080571	47.78685017	25.82859612	4.965217709	50.7774086	391.4770813	401.5260925	41773	247.8952667	485.8838989	76.31344604	69.57887268
P67_task-rl_run-3_bold	0.000945059	0.007062419	1	22.78642873	1.314939474	1.005378091	0.368376417	27083.56641	0.114334263	12	2.850356295	2.490105748	2.314083002	2.731310908	2.424923333	0.0364913	-0.013284434	0.010625848	421	82	82	56	5.388815706	1	3.024390221	3.024390221	3	39.41982722	2.148188591	10.60562897	2.408551216	285116	0.365795732	48.51603603	26.00408936	5.026128022	50.28871155	392.374939	401.6722412	41515	257.6525116	485.4575043	74.53723145	72.99453735
P67_task-rl_run-4_bold	0.001136209	0.007128882	0	22.80121371	1.318580821	1.013065389	0.369013056	26573.2168	0.109723238	6	1.421800948	2.510304072	2.335161631	2.750620586	2.44513	0.0217174	-0.01354172	0.010931549	422	82	82	56	5.257339895	1	3.024390221	3.024390221	3	38.68535269	2.171204329	10.67583656	2.428910017	284996	0.367298603	49.09537983	26.05104065	4.95393021	50.46996307	390.8734436	401.0450439	41648	247.637925	484.6279739	76.28196716	72.76212311
P67_task-rest_bold	0.000977669	0.009621926	0	22.68144119	1.298392137	0.997281018	0.369339091	26401.07617	0.107978735	21	3.547297297	2.536147943	2.359083808	2.778570021	2.47079	0.0196212	-0.01345559	0.009391305	592	82	82	56	5.325145513	1	3.024390221	3.024390221	3	38.23085824	2.191346169	10.69010639	2.432432413	284774	0.380067587	49.48387012	26.00211143	4.812580856	50.43603134	391.2545166	401.251709	41745	249.4314301	484.9540588	75.34947205	63.33782959
P70_task-rl_run-1_bold	0.001453009	0.00935461	0	22.46083144	1.292068052	0.993188262	0.381246226	14247.7627	0.077242264	9	2.132701422	2.511564923	2.263686066	2.843922038	2.427086667	0.0192018	-0.021545798	0.027722633	422	82	82	56	5.186569034	1	3.024390221	3.024390221	3	39.59941377	3.885683298	13.35975933	3.819905281	283202	0.786729872	57.60414867	27.03610039	4.551881241	59.92594147	451.6172791	461.1741943	42872	289.1086624	568.5810822	88.91596985	63.25419998
P70_task-rl_run-2_bold	0.000539431	0.010696713	0	22.21939891	1.251530033	0.96105008	0.381131009	14240.19434	0.078681124	6	1.421800948	2.509430345	2.262380017	2.845687683	2.420223333	0.0162482	-0.021504592	0.027199101	422	82	82	56	5.208117345	1	3.024390221	3.024390221	3	38.40049948	3.882169485	13.40199089	3.815165997	283440	0.798578203	57.97879429	27.0808773	4.647811396	59.08274841	451.1280518	460.8412476	42737	288.6777466	566.5360474	88.48415375	63.13085556
P70_task-rl_run-3_bold	0.003222299	0.009304041	0	21.99256908	1.327840839	1.037783091	0.381615677	13980.75684	0.074979273	10	2.369668246	2.509523302	2.268986308	2.841680264	2.417903333	0.0358621	-0.021885296	0.027949471	422	82	82	56	5.252075924	1	3.024390221	3.024390221	3	39.73525406	3.945408106	13.55076313	3.845971823	283459	0.793838918	58.92203941	27.51382065	4.639283001	59.02655411	451.1870117	460.3696899	42687	292.7791534	566.1582947	87.65377808	64.67081451
P70_task-rl_run-4_bold	0.000850877	0.009551492	0	21.30190612	1.260344096	0.991164822	0.381909732	14018.20215	0.071639432	11	2.606635071	2.512369422	2.277731872	2.837646393	2.42173	0.0240323	-0.022093656	0.02910451	422	82	82	56	5.224464708	1	3.024390221	3.024390221	3	38.99163688	3.945408583	13.61679173	3.838862658	283487	0.791469216	59.39099884	27.60865402	4.627022013	58.77707291	450.1566467	459.860199	42707	287.1917236	565.307605	88.01950836	66.15036011
P70_task-rest_bold	0.001727669	0.023033046	0	20.35288779	1.118414263	0.963884447	0.382423221	13613.99609	0.095824155	34	5.743243243	2.578666098	2.321172034	2.919662926	2.495163333	0.0256396	-0.02204524	0.028904406	592	82	82	56	5.133633319	1	3.024390221	3.024390221	3	40.86664389	4.107209206	13.7798233	3.92905426	283498	0.756756783	59.47829609	27.71321106	4.573607622	58.69802856	450.5916443	461.4307556	42775	280.9983154	566.2478455	89.88280487	42.05307388
P21_task-rl_run-1_bold	0.000831758	0.009505561	1	20.53123983	1.096817444	0.977999672	0.401086306	19794.71484	0.129292523	44	10.45130641	2.448458812	2.242111469	2.723021634	2.380243333	0.0146723	-0.014080178	0.015484652	421	82	82	56	5.009075407	1	3.024390221	3.024390221	3	32.82125369	2.053104639	10.1225872	2.251781464	274807	0.605700731	50.0280304	23.76767921	3.585440588	47.71972275	317.5990906	324.4881287	49356	197.9988251	404.8978882	64.77938843	56.13014221
P21_task-rl_run-2_bold	0.00186943	0.010987743	1	20.3332088	1.087663374	0.98579607	0.40255215	18531.31055	0.134477659	54	12.82660333	2.443931751	2.241314614	2.718223973	2.372256667	0.0367963	-0.014217885	0.015061021	421	82	82	56	4.985190292	1	3.024390221	3.024390221	3	32.28577736	2.162275076	10.44316864	2.337292194	274900	0.634204328	51.80772076	24.23406792	3.601945427	47.96271133	318.6279907	325.4192505	49280	199.0516724	406.6280548	65.27653503	50.65056229
P21_task-rl_run-3_bold	0.003231682	0.011140702	0	21.91819048	1.143113814	1.023276441	0.402605513	18312.25586	0.159562129	96	22.74881517	2.458025138	2.254054372	2.730064376	2.389956667	0.0365679	-0.01427969	0.014345364	422	82	82	56	4.918213219	1	3.024390221	3.024390221	3	32.78536885	2.143097878	10.49081039	2.35308075	274854	0.656398118	52.48519173	24.3340416	3.466593749	48.72561646	318.3985901	325.5628052	49386	195.5835419	406.9899445	66.19467163	49.7819252
P21_task-rl_run-4_bold	0.004593815	0.00927087	0	20.97924587	1.17191804	1.057952634	0.403150021	17996.30469	0.133483122	56	13.27014218	2.450395631	2.249832033	2.72057486	2.38078	0.0316752	-0.0141376	0.014814178	422	82	82	56	4.891563151	1	3.024390221	3.024390221	3	32.53067718	2.164177656	10.57264614	2.372037888	274846	0.656990543	52.8009491	24.39836311	3.564480309	48.65535355	318.4688721	325.7772522	49416	194.673584	407.4472885	66.59915161	55.65044403
P21_task-rest_bold	0.002730997	0.01098209	0	21.00479577	1.124298855	1.003915234	0.40307822	18740.10742	0.136182298	81	13.68243243	2.455512074	2.255975421	2.726404134	2.384156667	0.0224114	-0.01403905	0.013953362	592	82	82	56	4.968175516	1	3.024390221	3.024390221	3	30.78302875	2.128736496	10.64369965	2.341216326	274804	0.653716207	53.54223251	24.92761612	3.498341138	48.50260162	320.4347839	327.408783	49343	198.8652115	408.9887054	65.90054321	51.60582733
P41_task-rl_run-1_bold	0.000767464	0.014024189	0	20.80129213	1.104702675	0.945496635	0.402199742	17460.92969	0.113855627	12	2.843601896	2.523289696	2.313434937	2.764917683	2.491516469	0.0230654	-0.017867269	0.030015225	422	82	82	56	5.080458378	1	3.024390221	3.024390221	3.000000238	32.6059367	2.919532061	12.97895145	2.92180109	277426	0.672985792	59.73460007	28.00686836	4.355853827	52.71671677	385.3048401	393.3412476	47439	239.7673035	485.9957458	77.42157745	53.13909912
P41_task-rl_run-2_bold	0.000713081	0.009832002	0	21.65310183	1.190788943	0.994525767	0.401262076	18232.38672	0.104945046	2	0.473933649	2.499655091	2.305463082	2.729899053	2.463603138	0.0186562	-0.017120909	0.028156484	422	82	82	56	5.091003841	1	3.024390221	3.024390221	3.000000238	33.76064601	2.810620546	12.91227913	2.850711107	277593	0.675355494	59.55924225	28.13549423	4.304188062	53.42987442	385.1812439	393.2772522	47291	240.2405319	485.9549866	77.24863434	63.24626541
P41_task-rl_run-3_bold	0.001140381	0.009661084	2	19.74524584	1.140527908	1.002807775	0.40344857	17349.38672	0.114134523	14	3.333333333	2.511692483	2.315610582	2.746953731	2.472513137	0.0176657	-0.017953815	0.031394482	420	82	82	56	5.072558508	1	3.024390221	3.024390221	3.000000238	30.97438862	2.880484581	13.12599087	2.909523964	277252	0.688095272	61.13809586	28.15935707	4.144832825	53.01716995	383.0492859	391.3797607	47546	235.7994156	483.8012085	77.1554718	64.26728821
P41_task-rl_run-4_bold	0.001715545	0.008826267	0	20.95077647	1.189892662	1.024373357	0.404441582	16815.20703	0.117089923	15	3.55450237	2.516038604	2.316500018	2.763485989	2.468129804	0.0247594	-0.017947359	0.032044742	422	82	82	56	5.036440445	1	3.024390221	3.024390221	3.000000238	31.27173082	2.923045397	13.29291344	2.943128109	277210	0.687203825	62.20272655	28.32952499	4.132762506	53.2998848	381.7195435	390.0332031	47615	235.9955017	482.3557098	77.44142151	67.09726715
P41_task-rest_bold	0.000474713	0.016064947	0	24.35540064	1.190668475	0.93019324	0.405430288	16410.25977	0.105018241	4	0.675675676	2.558968979	2.348694937	2.814382199	2.5138298	0.00462039	-0.018044312	0.033395827	592	82	82	56	5.033054785	1	3.024390221	3.024390221	3.000000238	31.01088001	2.997761726	13.17794323	2.966216326	276853	0.651351392	62.37635193	27.56361771	4.052598876	53.04814148	379.7608337	388.5050659	47917	233.1341309	480.0793945	77.18990326	48.34144592